0.1110364830508
0.142674706287545
0.0196143364366091
0.201622412376404
0.232232799157087
0.0820245893139469
0.130552661367454
0.0736742262557514
0.0154640874115939
0.208540647733929
0.179507189261359
0.130267698872254
0.121207152136073
-0.0207045904739734
0.0963701859406874
0.419378781749715
0.339513710950316
0.125664285523639
0.364633956898725
0.25052644355571
0.280557191003048
0.194406306168032
0.117668007565052
0.233840696098262
0.291068534155404
0.0328007805742408
0.201005471307146
0.137219339079591
0.239039593999078
0.318578755852493
0.335723993920937
0.151041085154349
0.177170401523948
0.264829021140531
0.14324603895162
0.196528058892171
0.196071383869132
0.176601164374919
0.328603899520242
0.189287660866251
0.142688531422215
0.186768722208159
0.276480569924383
0.0951268156204828
0.0899004020559805
0.335087361744558
0.110363735990675
0.463351905092061
0.104148533025963
0.144432267821249
0.0314652973634903
0.0956552325513663
0.0744738862004717
0.101263265884889
0.252340019757019
0.0606176309477807
0.107880845348263
0.0842956854888594
0.143847629067311
0.0505648950779437
0.391519466959782
0.0797854262864318
0.190181637740559
0.0370259455190248
0.269282753973927
0.132097735260514
0.117343260368855
0.0733436707279041
0.305264064587888
0.245845275403918
0.205805643849626
0.275895340967523
0.150952652525257
0.00713958098420622
0.170644751206986
0.309771052287933
0.257819093337617
0.180268827456222
0.202723645311451
0.00555037456245383
0.252643834793918
0.34734294414416
0.173954398303733
0.131555542698432
-0.0755600695313948
0.141265445267368
0.0677188400617922
0.31495424079825
0.466818848935318
0.0979750298531875
0.289750827961409
0.365685713117698
0.370729157633535
0.11712816344641
0.458890471558464
0.00202471424048324
0.1068679828821
0.377427425954079
0.141683750046953
0.276274130712337
0.295226251321044
0.196642782196626
0.318682983023276
0.187656086732024
0.303110655926567
0.182612394875514
0.0875434681323805
0.141423296043394
0.0697992213676364
0.00120924408143761
0.306779994198322
0.109431635133724
0.0530589131669802
0.0232408028230826
0.150184162015995
0.0757825357440042
-0.00480248258549792
0.127580340659201
0.147066101738166
0.211159539725426
0.136193329298105
0.128714913783197
0.105908755045942
0.12205814497689
0.202968699732384
0.134663435178456
0.179618495969714
0.0244274408049922
-0.166905894614998
0.0202264622116522
-0.102815021725429
0.224517370294207
0.244325719998017
0.194690582386365
0.149502108250453
0.19036930548711
0.268225408390369
0.205686480923165
0.128489762019923
0.197390019315204
0.158799640219935
0.262491883098449
0.223435520084279
0.111532164687399
0.148096802655385
0.222699432641808
0.175415260925703
0.043961203882535
0.100431165171189
0.502625270389312
0.285271895153645
0.242516328667606
0.239890345091669
-0.00260744509896901
0.11038152381676
0.206173493553405
0.022363337609439
0.197301400779901
0.0813803923319456
0.219239535716167
0.134188280792862
0.0994386101564283
0.11220346989856
0.218609266245326
0.161280368728262
0.232751043383532
0.269896237920877
0.228116094099176
0.210316494334237
0.191056644107686
0.0291081896117977
0.203360555194935
0.00163017781406903
0.2480451304913
0.303014004007391
0.228457934655142
0.0956591037785628
0.114231849274303
0.186941823761835
0.0996317558894263
0.205212070831148
0.217448210284551
0.305549361349205
0.21317389501396
0.472014613206055
-0.14037080188711
-0.0626142045995793
0.0359465815384274
0.22708221640077
0.344167235384344
0.106402640847844
-0.0546059956299774
0.0859587318454061
0.234905758597176
-0.0552785579290423
0.0895538659359864
-0.025298345229838
0.193254955305681
0.0855619611677665
0.0354647206472377
-0.0295792064026272
0.0180072595736466
0.139701236806132
0.233637175259203
0.179774655086026
0.239665123108498
-0.131245771911784
-0.00965874815082569
0.21867924130684
0.0562235200632763
0.176369283472916
-0.0409085534766619
0.0549426095899741
0.0592671814111994
0.311398240217562
0.0681444326014932
0.0535717993815121
0.206374496381778
0.269584928103505
0.179199687259554
0.296958615093397
0.296973030158905
0.285232892413861
0.145803735459439
0.0793820415048973
-0.13348342224859
0.116366113903315
0.221993227976442
0.20302708932889
0.495336684138172
0.0927692112008308
0.160655851649742
0.118608827025258
0.121436903771434
0.381186780138403
0.230148690994903
0.226222495123639
0.20882448350086
0.338981491763416
0.398673240235704
0.176618153166458
0.0245379864230543
0.22407813011639
0.165987461092257
0.173285200902859
0.0853078222166634
0.0470589558573285
0.0807356932301579
0.116808172366405
0.0108161444873963
0.2049842901365
0.225581389643711
0.117311452833875
0.060238081061667
0.181035042902677
0.103490578321026
0.212662904403227
0.298437563701619
0.142386137930404
0.134426541701507
0.0845575878060263
-0.0365245987692518
0.240986895232552
0.226678249813299
0.0910596604472127
0.0646900003392227
0.160518650720172
0.173887792708275
0.16837150302525
0.263562436975697
0.150543366288955
0.0681438513010506
0.342071799224647
0.311244425525264
0.372724932414871
0.207551497202335
0.0865926611576869
0.212452053331194
0.119289234582931
0.306673807987274
-0.034955936429038
0.088834964512359
-0.0601868157654087
0.323683483281027
-0.0209312766000206
0.089481359625018
0.0566674897269125
0.057745967729604
0.0828315757979598
0.19676968564285
0.149283003440042
0.0897653098985127
0.251125224337801
0.106787378848757
0.107680895318217
0.1188616106916
0.281660831260411
0.199600842682104
0.153378210781938
-0.00548591475916287
0.287279137276635
0.171813080277149
0.421013793798952
0.254170875074106
0.0611775587876333
0.398055041145297
0.126105347108489
0.735962482543799
0.17780479229482
0.384122191611461
0.208726916661264
-0.0243340904748615
0.109977724561694
0.128478598205129
0.199755687991104
0.13567035743979
0.144074884258811
0.17044697406258
0.31328806664117
0.0843676105433364
0.0236190429610546
0.218999359735119
0.13785418959618
0.149069311918267
0.153501044676741
0.261272832740538
0.12238040238134
0.256636345886902
-0.0221052016528264
0.184228107446386
0.223273744345023
-0.00861903369603376
0.219790351088232
0.449249562893992
0.394781758303065
0.191464741094106
0.450449574476253
-0.0631786166762812
0.187331664360487
0.290069052947356
0.374980611922609
0.140170498626246
0.0767229175092318
0.176112217998558
0.265048447338626
0.189511388990683
0.00349185382089205
0.123437144692142
0.0729715860018438
0.32492911169413
0.0204780693333021
0.285891342986142
0.172929443977123
0.302350466795773
0.0418805965150829
-0.0251163623334125
0.0977435157066547
-0.00146886630720949
