0.110953429679968
-0.163426747649012
-0.388985636811357
NA
-0.325663373172745
-0.298800128344704
-0.12098335958976
-0.112189062314907
-0.0542998641134472
-0.124702974364
0.0373164884546625
-0.108488384494832
-0.152867330743822
-0.145339491890544
-0.185595960918878
-0.0638219793706429
-0.0495750269708922
-0.0829284116094765
0.0248999995261853
-0.0541564552073075
-0.080521066498012
-0.0062937027061576
-0.117668159563537
0.0510779312900468
0.0559190461763432
-0.0157023666393954
0.102449251159686
-0.10883868720276
-0.144826227812446
-0.29499480710954
-0.107372459785724
-0.137044360662542
0.15196684770365
-0.17852050996928
-0.0583240367839994
0.146483155316871
0.0484087895711475
0.0745729871489967
0.185309058648695
0.0453677504707293
-0.0034493051838483
0.0262834606753691
-0.0182853424230148
-0.153358747669165
-0.050974861421148
0.00258725077323908
-0.0156402379465691
0.196772898974966
0.0388460827338316
-0.246926808481579
-0.293098270228544
-0.108817149557569
-0.142271534442181
-0.28900711093514
0.232861009224864
-0.130215232119944
-0.0138059480044309
0.0865923630808652
0.113701914570894
0.0781205916595415
0.414930949868749
0.0835062510185182
0.0270359588624581
0.187885939043598
0.252556332732107
-0.1212401084474
-0.028115623402746
-0.0578662160132373
0.0395951035363292
0.0437659896115171
-0.22476784988751
-0.0307437336782353
-0.213408581382246
0.0279428618980778
-0.125254739360151
-0.0822603609082024
-0.0600712497808346
-0.115191256193424
0.173842454723925
-0.326458317300565
0.136834961797887
0.467415243415528
0.352492739686802
0.0223238524757834
0.0997241605215097
-0.0535517527732834
-0.367208853721425
-0.0736479353202224
-0.0764167876255157
-0.30100729846884
0.261167974631933
0.324869810498592
-0.23265092389903
0.066180892659691
-0.0155851389194789
-0.357809172597598
-0.0855191290110381
-0.0557656541138434
-0.0406065279366403
0.108647055165058
0.0506214651538565
-0.174675699813449
-0.0840609381955432
0.0312391807039018
0.153653379116682
-0.204449992768732
-0.031098145174936
-0.187170224614411
-0.281565659914946
-0.311584525943004
-0.196087888936128
-0.162686452181752
0.135819950435734
-0.0367654445754991
-0.243305694235987
0.00764809126692066
-0.293306710442986
-0.0996316129515942
0.183219728755086
0.153515158223423
0.0224782980364326
-0.0722854893154379
-0.302159292495087
-0.245715261496216
0.0762593037351442
0.0959554201260046
-0.0231340840148879
-0.207488046327174
-0.345922059736083
-0.291273526530706
-0.369370571964622
0.00572970391630335
-0.162930167892574
-0.130679482893215
-0.0341761241664677
-0.100758107115626
-0.222703708194038
-0.162527260051511
-0.164548715128506
0.0022050637465144
-0.0415059289570478
0.157688865096
0.138756553544387
-0.086738744168431
0.276183877168003
0.0737144193095907
-0.12264658329637
-0.118234410153831
-0.163388316678821
0.370276387788029
-0.063570987008171
-0.0167954270158748
-0.0554197769900292
-0.29180029033944
-0.338585014688676
0.303750873779534
0.00954178653963374
0.133552906700364
-0.0765602027095943
0.0138141523008754
-0.120760802455827
-0.124133329028447
0.0736884579352789
0.182638503935202
-0.178269323923865
0.0242148284481
-0.151762868050145
-0.194793732644786
-0.105753430631444
-0.0761087327692361
-0.0225747984317096
0.0827321941437209
0.0998096730599869
-0.204112379098654
-0.250274979192746
-0.0509811556073147
-0.122850688850629
-0.0458716856725474
0.00204414056631799
-0.0868241889291221
-0.162858464784392
-0.00538742513972636
0.110526167119937
0.00194678465512189
0.214133748915086
-0.346425670921713
-0.676111165872526
-0.222684738880919
-0.214944503232854
-0.0832461292220307
-0.250303275723972
-0.0673956116447856
-0.163573741018466
0.104681693825541
-0.21235372977432
-0.0355245599942933
-0.193205720450581
-0.284652324243569
-0.239582526812206
-0.126443734429476
-0.2009520231455
-0.0326071117801336
-0.0567444567069936
-0.0177616204718942
0.317646933639376
-0.0230779793331289
-0.393046721688525
-0.320501339449738
-0.0845626612475277
-0.12048287192204
0.0621506734949142
-0.043449395074243
-0.122425563863685
-0.0149121878068969
0.01472279082978
-0.133469351346776
0.0431552601107857
-0.00665533432460105
0.414993433906399
0.0540215614027365
0.416681809168666
-0.132222309237771
-0.0859582766875429
-0.242254513053433
-0.0928038565397036
NA
-0.103961631780211
0.248596212295884
-0.0343738633382868
0.0999532071374743
-0.076916340924881
-0.178334211599807
-0.0411204298625081
0.187277575508204
0.0407912647428135
0.0424759985288918
-0.0778146204339478
-0.0217410382566265
0.0397279564822557
0.166082065764653
-0.199112460867095
-0.273729907914324
-0.19923305902258
0.27297752899821
0.193506466682016
-0.185090431698389
0.153213904425466
0.285670475877422
0.143880510573356
-0.105114689862288
0.013501809701944
0.142135531338764
0.0152483594922749
-0.0809385582479974
0.258027606335034
-0.237384746866552
-0.0932687633984169
-0.130362172789118
0.168481023682156
-0.0707046565384696
-0.156063013763265
0.169151929768485
0.00150670609204537
0.0625789419431402
0.108928110883413
-0.0996505210868924
-0.00827514143009396
0.225943531782781
0.253091888502527
0.250270092401535
0.158734174128426
0.0357937055261476
0.22737109047536
0.0518947274962344
-0.0174086182521544
-0.0251395014479326
-0.242898486182166
-0.144956145917128
-0.128347428548613
-0.121953145393635
-0.290836455003488
-0.169009721353277
-0.122053190005614
-0.0434367758331271
-0.18800700295406
-0.198768112107122
-0.155344680669414
0.000991015844444546
-0.211972222083689
-0.205316712991073
-0.173165617473514
-0.0739872184997456
0.159424930781104
-0.0123741299661988
-0.0844591939764823
-0.120442689156499
0.222203450694735
-0.159083012065827
-0.112782767255304
-0.0329913966637824
-0.161383808065503
0.0479386734149714
0.293445542984629
0.419970287034685
-0.0577520138892484
-0.0851460354897255
-0.0266304912944995
0.412087171282256
-0.102305219498367
0.0918284911934626
-0.294657623382889
-0.439883168504225
-0.209555352135655
-0.209854420098818
-0.0162353941377066
-0.055616144116473
-0.175428650215729
-0.157205375364046
-0.0263446871353215
-0.153007286659804
-0.13675447531531
-0.123140220590488
-0.147708170105077
-0.171405995672749
-0.142121178893498
-0.164455129427061
-0.0943752245758353
-0.107115201010262
-0.0656306744635968
0.0179555531369318
0.249596547451428
-0.0528968432693578
-0.0453561655629114
0.0823569611799273
0.175359516050045
0.196658878605054
0.462769238437029
0.0143351209199652
0.22895150574073
0.170076913155899
0.272476237067127
0.0275104326619877
-0.245659445341221
-0.0481271707332006
0.0301196148165528
0.06380502643897
-0.226568174924924
0.114086588007334
-0.0464656129662636
0.113397417958442
-0.15543039793338
0.0364339020633023
0.0722526055098085
0.00606390920235856
-0.13491712097096
0.0293728149460098
0.0124721845143199
-0.207659311764414
