0.0524895110424552
-0.182722159362612
-0.305374855936805
-0.107422690622319
0.0405411608026843
0.0960620691209997
0.0679196942137752
-0.0353074264184898
0.1679491383022
0.0310493865851992
0.313749449423264
0.0104794712556143
-0.288393197723271
-0.20556428378589
0.0274599216573202
-0.343837280409392
-0.239214227166398
0.0148082549775314
-0.139227287566351
-0.356950427635619
-0.211567582874873
-0.0840630603813795
-0.344114027707756
-0.271472970665849
-0.217390395766619
-0.161862206039382
-0.300607574071196
-0.0458523718229982
-0.319542445777197
-0.188259831072131
-0.234226757298791
-0.044048491640182
-0.0524735609658822
-0.333405919871513
-0.0765291425446456
-0.195181191613145
-0.294327657793272
-0.280123672439987
-0.244577304445317
-0.370248374566985
-0.169631820315874
-0.179750018810654
-0.182297721338655
-0.406815950340698
-0.107736293251376
-0.0513829629887232
-0.0935434617336581
-0.114353704517944
-0.143995861789248
-0.399621512210674
-0.174746061953675
-0.00460152293113714
-0.265222509283618
-0.23520734193185
-0.170802039470023
-0.520812361753853
-0.0765557201512793
-0.214885458241617
-0.0668812570881752
-0.492201932621958
0.0319870842163822
-0.362157862843249
-0.108915520377246
-0.0443233057813059
-0.270965713409201
-0.0173675095865413
-0.044739892019726
0.0134391739918346
0.0368482886795989
0.0170207671350057
-0.159532570900961
-0.187067539356828
-0.275086417797679
-0.0936433289922236
-0.042882537558364
-0.275688214609354
-0.165287096400431
-0.321123066125026
0.0519032427816792
-0.117119755765043
0.0472925874099362
-0.326560954803866
-0.0847440084159499
0.0660501570338103
0.0189864522442507
-0.178451742681022
-0.409945187138819
-0.253069973577984
-0.154930241935866
-0.447270447444077
-0.243283463573077
-0.301104065017881
-0.104754071259806
0.0165932437101232
-0.145512320556885
0.193453595111685
0.0398296226689337
-0.223471769462978
-0.272035135601664
-0.336916676028737
-0.102776979767146
-0.0811112102897961
-0.264028212785604
-0.288226126804076
-0.311423727784601
-0.286279091938828
0.00242527075716541
-0.0513769838852536
-0.286081910562936
-0.441566298650503
-0.284440809534705
-0.283586136631661
-0.330820200848926
-0.12659844947943
0.142358715217699
-0.0994263762485762
-0.282621954644362
-0.30497886080262
-0.100974971396879
-0.182034451455069
-0.00401873918963613
-0.204979624457691
-0.163114660434565
0.309074865275873
0.0223969023834224
-0.0153375443874863
0.100710089353961
-0.297659492004139
-0.253163558304871
-0.22626869034799
-0.285631062568111
-0.0840101846906666
-0.138901189388763
-0.364133660641829
-0.136116219208558
-0.170689868883607
-0.351612903226016
-0.130089693999915
-0.259754708030232
-0.119579286640573
-0.18907177858954
-0.0994270819816189
0.0993130409043768
0.140132666540147
-0.32922978099862
0.265107810544015
-0.0535839716528267
-0.174894940754656
-0.324690182990292
0.0108587385206574
-0.0111758388210663
0.150605887724064
0.112263608488601
-0.225233886200562
-0.218198231439062
-0.0413593521559043
0.117435144322649
-0.0830219790024267
0.128787015623986
-0.0210753609267949
0.00780142562611469
0.0428734019071648
0.425449186067397
0.0912589333331407
-0.037661035922127
-0.175303821833912
-0.0842855277530071
-0.226080555972552
-0.0953240649564462
-0.261726915325614
-0.232416889175097
-0.0745265631108837
-0.0866724972416308
-0.0820425384740682
-0.23010890139284
-0.2590291660863
-0.209101478691313
0.0504377617983555
-0.089260976555018
-0.311652143182007
-0.240502711710316
-0.101608548427153
0.00789979143987403
-0.111296772921871
-0.0940904850430096
-0.356378810618912
-0.319562249357578
-0.252979952812532
-0.162163832129081
-0.331497350507016
-0.161780536437455
-0.155455394336472
-0.156647060250093
-0.357817364308223
0.0138689624000687
-0.00234810102624728
-0.166752978221528
0.214104451524599
0.0601373858909207
0.0202846910667175
-0.105394863225539
0.112286380175384
0.0543314856322552
0.148248093122984
0.330287583417638
-0.127693065948637
-0.316714166066376
-0.354336079918398
-0.0647811003139703
-0.222161158073603
-0.180589128138386
-0.0818324350122545
-0.180078322602452
-0.0451619829938226
-0.138107734127153
-0.272125096166542
-0.191741263422034
-0.145728990835062
-0.215472771584431
-0.0733710721539678
0.00865032575837025
-0.18368214659212
-0.296645661651419
-0.194766770141974
-0.223043081375622
-0.179771095182802
-0.172383429173199
-0.0928441950690688
-0.0807910589304462
-0.327280882030061
-0.279418624726994
-0.178040722990623
-0.164323565888384
-0.211967945108366
-0.30742846136562
-0.0430176883178187
-0.142553368791515
-0.191896583543245
0.146413494015559
0.0814009155369424
-0.011732437510194
-0.110521955448895
-0.0835905364484189
0.0357975972747468
0.0858227598854238
0.0984117821398652
-0.0628658651805588
0.0527197707207979
0.0289254079162101
-0.310080051617624
-0.146527857340489
-0.220345379355376
0.0451544561993336
-0.203894055829455
0.193754759191111
-0.161930191845453
-0.33187635657417
-0.0445487588726961
-0.0620351751633293
-0.301192192951224
-0.342286636038517
-0.393041932370999
-0.215774335651139
-0.313591263176887
0.0243217760468371
-0.116242491214241
0.172530391960589
-0.125117930103917
0.0585104644216141
0.018115153502654
-0.0705780071552812
-0.0923451422425252
-0.259726029925342
-0.0351261673765335
0.0495015941555895
-0.0143689717859808
0.0737131611376984
-0.144909338701531
0.0286428742261517
-0.0378278451040627
-0.307437750573809
-0.0379906570975621
-0.477259910281868
-0.032640482807932
-0.14627442149448
-0.0709248402256335
-0.296966244742002
-0.206079545217428
-0.146323207353192
-0.0960468982187168
-0.302099628058351
-0.209539168638876
-0.04618085125214
-0.210116906955716
0.0433923174099537
-0.149446691530312
-0.156355208724803
-0.0930781947807712
-0.168543196810562
-0.058391589191587
-0.294261324147116
-0.232724738069464
0.166808574982725
0.230624085800699
0.21652120230077
0.228854963027251
0.160141242053351
0.309944630435324
-0.111938770668934
-0.128176265318536
0.149114358539112
0.183535196781235
-0.0230810960292396
-0.126638791849895
-0.185542137595181
-0.0722584066503374
-0.402868888471982
-0.21316668375007
-0.381113898353521
0.0187190904516572
-0.23369587043548
-0.250108426841857
-0.182761819897161
-0.0379314982258184
-0.213163173230756
-0.393117692710584
-0.204557366802834
-0.253242326232471
-0.23129269898723
-0.103621920537373
-0.0805350886648656
-0.0073349534299306
-0.292406965279719
0.000283424890504501
-0.0889484236769153
-0.193020189720125
-0.264876848353422
0.0641341762609825
-0.24936442904401
-0.187875197369446
-0.131959326348222
-0.0404142066937722
-0.204562778294703
0.0187496136160491
0.00926860928131829
0.17881688405166
-0.108814844901624
0.0727381540662225
-0.178375688783734
0.25225089997742
0.194984814051212
-0.0185355871455745
0.290763696011332
0.280573003765455
-0.325294440900869
-0.109285356266133
-0.249004165588367
-0.213532601905376
