-0.321110463589134
-0.143589159565444
-0.0687132222363724
-0.245691234156027
-0.0995239665218869
0.121217256494235
0.143471363564015
-0.455925382134715
-0.181845061323844
-0.134933923472987
-0.0670557358927652
-0.128841957205918
-0.0395864988005142
-0.074957787042729
-0.404208988202169
0.397062745387211
0.202106187894522
-0.0188143814077911
0.0011977000572987
0.283312925756392
-0.0180548343601388
-0.136672214707732
-0.0162214391839146
-0.188870588510577
-0.207736760269295
-0.240769865365098
-0.302391206827448
-0.382034829269671
-0.302090810606348
-0.11337860061288
-0.292112614658675
-0.177071296217601
-0.0191633800292417
-0.0803517057790482
-0.203051237258044
-0.152320995140868
-0.0228622640421116
-0.256914549630719
-0.00392026258984986
-0.117079529580435
0.0782101320526099
0.107135155843033
-0.343925316277939
-0.163044685470473
-0.178533948494965
-0.201107588608167
-0.0131390159936884
0.054889094327574
0.02179137542656
0.0061287116183333
-0.3810827882584
-0.130702060256515
-0.355847055972851
-0.0643384420172203
0.237233730748193
-0.148925696590124
-0.302734432708936
-0.0911093587312482
-0.421182965374685
-0.130089806811567
-0.493120830513187
-0.372709243235985
-0.354397632937868
-0.195019522756317
-0.0936966311708713
-0.223626801157654
-0.060720697100724
-0.13681865013132
-0.363481095189846
-0.289352269867645
-0.325927727487601
-0.104461936830372
-0.260671225175544
-0.182403575164008
-0.272080454304066
-0.23405844575791
-0.27719358038186
-0.602118093617297
-0.00636528835333657
-0.226941513203452
-0.346306707144213
-0.297956109310154
-0.403587467168421
-0.367135004202993
-0.231139834774918
-0.284856319273646
-0.108934309581866
-0.231174322150137
-0.0672707837078887
0.0774505097617535
-0.0975185952090861
-0.292162520370735
-0.0808864467221162
-0.145520299479842
-0.0556659862323454
-0.137263290129996
-0.270135289894012
-0.0708038829833168
-0.188866845451381
-0.376039346274909
-0.107753030825699
-0.14243520394986
0.00872071479502971
-0.0408273611378197
-0.228883332091513
-0.0715496402247535
-0.388631968463459
-0.240550325054196
-0.403609087894249
0.19714035479609
-0.311898556860007
0.0150755634727014
-0.307274964936246
-0.123057677446474
0.107303964678441
-0.162403223235115
-0.337813649973127
-0.0683287970356296
-0.301786554526695
-0.113253698695867
-0.119886039493017
0.311441402731817
-0.121479365443551
-0.313737420922588
-0.296279055722783
-0.272456181378312
0.0106828141062045
-0.0792030956031941
-0.130221427186883
-0.257520104881133
0.124578818502233
0.104338953415233
-0.317840346446749
0.253674691330882
-0.115305692439142
-0.101053815472052
-0.286273129493832
-0.212186508087262
-0.294425402695203
-0.0295638237345396
-0.0062010071636487
0.0857988440670834
0.209216857344353
-0.768232987436634
-0.104003063936207
0.0909551632330473
-0.2203895748254
-0.433655562855597
-0.514893770178933
-0.107726609345127
-0.0828024847860442
0.181797662432993
0.0491461144120049
-0.0676581683361314
-0.000371147481493381
-0.0485536241413182
-0.0731977662525524
0.160676275129351
0.0242784658643977
0.156599314956702
-0.322888135145994
-0.227049496095574
-0.274733513275457
0.0612984683756773
-0.0713424520161629
0.144716990128678
-0.0669014302647918
-0.0564700002990434
0.0293585525130541
-0.146857009671297
-0.325704980989735
0.138554064117658
-0.0926335133301075
-0.286701886767183
-0.278541314999425
-0.124070987312278
0.091028149041712
0.476406036215879
-0.266661848841222
-0.295329084209807
