-0.296227353630415
-0.085746474431849
-0.189119959408276
-0.147702837916644
0.0527458866662809
0.20510571522666
0.140984710288356
-0.408851275336801
-0.20429116995064
-0.0219390774241755
-0.0246438809511876
-0.224524364179941
0.0714480458368561
-0.312507571884591
-0.550211839700299
0.24278153177464
0.024725847403261
-0.0872028594859414
0.0161099176413217
0.253316611416073
0.0367661277402338
0.141468296825035
-0.00239507373446521
-0.194741341935889
-0.168121146614728
-0.0347640033253495
-0.421793773169607
-0.167781631419161
-0.434125216227165
-0.0876855962907286
-0.458541922847581
-0.334672979038671
-0.312760856250077
-0.165107384066507
-0.175261122016358
-0.18546336162111
-0.0947511972399275
-0.168792393270333
0.13900267792879
-0.20322858979897
-0.0563695668290202
-0.178055396534205
-0.307263948338
0.105326813986716
-0.303967039187181
-0.0641052133324643
-0.0589474220927432
0.0553496790618149
-0.143986627244874
-0.0524195820332678
-0.318411548126297
-0.0286891024507023
-0.306494350768055
-0.0762283925319093
0.0901612909072516
-0.0877802546436559
-0.304546531086041
-0.322258457318038
-0.238084030846821
0.0454467206098007
-0.313978087615006
-0.548132020518948
-0.300082973454553
-0.402364381862967
-0.317102824309244
-0.34719087528564
-0.374506180017859
-0.266221669023652
-0.262576683628564
-0.282375848857455
-0.361392268228611
-0.186543824289789
-0.477000125804855
-0.274498637457204
-0.252466021236467
-0.215945513225795
-0.39535736005129
-0.46337360018998
-0.218821673803558
-0.244588306207473
-0.39485901728669
-0.591668337614123
-0.53328158235237
-0.380249115072109
-0.156879319849075
-0.178137440694604
-0.168041220864165
-0.332103306189118
-0.26250795267704
0.0751237664528693
-0.163920390362307
-0.46716162776652
0.0153877228173113
-0.264985661062615
0.00795590857213661
-0.158529353873051
-0.371598157865145
-0.180192709992244
-0.106815720534803
-0.264885121683349
-0.106740486150782
-0.202533855063271
0.125950981465978
0.00954370206173053
-0.0968513152471635
-0.00411427221802541
-0.452936484335232
-0.178858511448572
-0.229390825162703
0.00361156292386864
-0.101007366122603
-0.0461364070592556
-0.232246642704312
0.1185808836773
0.206032181209763
-0.22230875168323
-0.157600342032023
-0.140928249834441
-0.449543418383324
-0.125006252755335
-0.0939824723621347
0.130300070900257
-0.179914539847129
-0.175769615335651
-0.142924676044441
-0.166451840061832
-0.0241910068361999
0.0265286298500764
-0.230072490319917
-0.139501937781467
-0.0664185289309185
0.0597325232948213
-0.19301681311783
0.428414600884487
-0.161185704659774
0.0600553570464331
-0.23187930889583
-0.126304501763617
-0.350266851371628
-0.163082614474902
-0.119725082275011
-0.082236887961777
0.0199468126488422
-0.678102147054663
-0.390030620029562
-0.157163425893899
-0.116904167105218
-0.405416545004629
-0.528740619771461
-0.467864782565156
-0.408474876118197
0.365462107448202
0.249852304199815
0.0592924969585236
0.00721515477091712
0.0109201858672268
-0.0211316011593321
0.273993023282941
0.230957889831251
0.179370483666259
-0.339469623451592
-0.57252505206018
-0.223307060631919
0.000938703202711119
-0.249730248144093
0.00349584317799791
-0.0215174949130524
-0.0493228750604972
0.00811662058433851
-0.18845435704319
-0.585462600058806
0.257707851839095
-0.46454514084825
-0.140364399257481
-0.145828238604994
-0.098384070024517
0.032574409944409
0.205068309218051
-0.265735843594778
-0.361708948942194
