-0.0181472606142355
-0.0743708150697574
0.100821033997253
-7.97667951918465e-05
-0.00748765517865334
0.0886144706013669
-0.0314278181822239
-0.0726386362994323
-0.0149136792956978
-0.240889172945455
-0.240610806155528
-0.260124265427269
-0.136232241821576
-0.318968011570302
-0.35010203571668
-0.0916559041771254
-0.101500854073638
0.0063447756038831
-0.0170958921147726
0.0855168635602277
-0.00311957035258402
-0.0179612654572966
0.0100566649957767
-0.0658291995653546
-0.309045385426726
-0.204405142096039
-0.139104301297941
-0.312819777092569
-0.158085136472952
-0.191521700959344
-0.112155097520484
-0.233467454605623
-0.0485489918417267
-0.143099879360134
-0.104932023145794
-0.0311970646712883
-0.0195705720453142
-0.304700563295181
-0.0834075211020392
-0.048438294517825
-0.0498201757027889
-0.00768726859091271
-0.19348911282244
-0.349984143471562
-0.197952754446924
-0.390766761397243
-0.142385572544343
-0.13225104746268
-0.113871526348228
-0.188906181350594
0.0117646181723747
-0.0628748776142938
-0.115463850750574
-0.0588983443805659
-0.127540873274858
-0.0608651517856998
-0.00681454069256767
-0.0644106968991971
-0.0585648693486729
-0.0579231989181093
-0.271645471093521
-0.216467107988537
-0.209505478134254
-0.143090468356483
-0.137065601441655
-0.0309794734604815
-0.230676310682323
-0.171485970964941
-0.0367240491205358
-0.204762568234581
-0.142789625814386
0.10750815712416
-0.49134453319442
-0.261024010804034
-0.0943275100350793
-0.132778144486225
0.0751774541139317
-0.366054646697071
-0.259427249127917
-0.299515375970645
-0.210734862458785
-0.160920454976716
-0.185645475953076
-0.186710295483745
-0.0570932298978234
-0.0614040556240899
0.0615931625164612
-0.0801314561675359
0.0527180874142399
0.00525259732699559
-0.134433246735581
-0.175278944770513
0.0198441815205583
-0.10536957759126
-0.301660360590325
-0.29960851362614
-0.343798378142576
-0.211798050253852
-0.09804007418664
-0.089566351068342
0.00131888831792633
-0.0902945926456883
-0.142391109955609
-0.118946380062762
-0.187774027954149
-0.0992004462471166
0.207391911870649
-0.26769905758011
-0.305220612408141
0.154492372754855
-0.285566966631875
-0.0741268505288482
-0.0719956716978351
-0.165366545080552
0.04055454316056
-0.14969645497911
-0.268564221763681
0.243123325137116
0.0239502570616231
0.285828468844553
0.0676433767398753
0.155873215133505
0.336493047879931
-0.120481510253207
0.035117066696795
0.103168740981136
0.180141485061435
0.110245612014849
-0.062798604384553
-0.303211670580648
0.244085976184567
0.22585237368772
-0.0410772149052528
0.398319707443455
0.145997302688442
0.121209864722197
-0.252088199181859
-0.0937887873813809
-0.184021278510375
-0.179654096766096
-0.114037952201892
0.0246321568566275
-0.13782326896987
-0.512406220819834
-0.447440036097885
-0.0873668355696361
-0.323670226970423
-0.618994293616343
-0.581211924850845
-0.296923400532964
-0.326536908318287
-0.127451131262781
0.0416379466033577
0.213951964583317
0.218232764380616
0.0313159361031607
-0.16105889888165
0.116787582595401
0.0334735665070333
0.0985650367391916
-0.284614804224528
-0.132803393068891
0.146601862566574
0.149257202350264
-0.0783654869115058
0.097217262532352
-0.147174205890231
0.0056462506348393
-0.198016021172623
0.197464934223481
-0.12174715067694
0.200455603467629
0.0208361360234688
-0.0764154326278592
-0.116494306531078
-0.0566242908851347
0.402877580266149
0.0717904666836266
-0.162408761550623
-0.106741087948743
