0.0106772594702138
-0.0335837002485827
0.0498661152718142
0.0418714229904909
0.0622400249829652
0.0701017222673131
0.0639825624541527
-0.053148348197803
-0.0459324327360277
-0.15956992286469
-0.0807258864379196
-0.197502943216176
-0.0435071759153286
-0.491472627049498
-0.358313632992819
-0.0460390734891437
-0.142648043322458
-0.14007271180637
-0.0362637136294117
0.0412125511206063
-0.0570183109452735
-0.114369029925143
-0.0276954680419448
-0.0335378928288922
-0.117360536851999
-0.239028487463669
0.0196120745240392
-0.1768469171753
-0.393982528266761
-0.245460087666601
-0.238829923925758
-0.348970166484294
-0.244542275521343
-0.298612520748818
-0.287435216443571
-0.0891440056903007
0.0229632242075165
-0.282795819157126
-0.0174384213969623
-0.135351039064808
-0.0938858341154441
-0.0350697961421837
-0.261911465224864
-0.214727217673101
-0.205313144157997
-0.351332371585887
-0.225265079198696
-0.0912643224836623
-0.121106003438247
-0.333624869212177
0.0144896154703836
-0.00843731644038475
-0.0937183694067167
-0.0616499383197967
-0.0935357584560347
0.00310016840114079
-0.124723353127072
-0.0683934946836159
0.130686802450168
0.0140748695740538
-0.287353455285491
-0.32605851896
-0.291693864612357
-0.243178748688692
-0.13940873894449
-0.117756045141395
-0.249428437078022
-0.164738851888094
-0.113732318697925
-0.140301258629801
-0.234763911804865
0.0364898287654334
-0.448091419221359
-0.273945544317723
-0.131559783043126
-0.191652357133226
-0.146010027695199
-0.287819698245805
-0.236332096110145
-0.332700184974854
-0.290444553677921
-0.284032131755682
-0.415342244838864
-0.107121311877113
-0.017905222688895
-0.128018834043897
-0.0696270952329774
0.00300158776516168
-0.01096063448332
0.136920435390882
-0.187976973641994
-0.20279522731055
0.151626069786236
-0.114723856707092
-0.322908002970802
-0.188357623642165
-0.268524800605462
-0.113361141701678
-0.0790840637135388
-0.195323369959051
0.072301125132368
-0.0768425398644138
-0.163905366219994
-0.0369385504243789
-0.071584848977075
-0.105917388653674
0.0832652962170188
-0.229559501470573
-0.221337362295962
0.0317939413726201
-0.148009502155332
-0.00664352330704124
-0.190751058021029
-0.061525923357054
0.0154927326224318
-0.275040186606901
-0.395587770625625
0.0445754098009202
-0.117453682889389
0.145548672578997
0.0791100759960952
0.161686205136898
0.203987501269918
-0.255522260006773
-0.0227711360065021
0.0386599234090043
-0.107413696256103
0.0327413668915789
0.0654840439368981
-0.218681252892673
0.163369020516336
0.168655444947803
-0.130025418321459
0.41834221131913
0.240489280370993
0.0183467086383037
-0.315185133985938
-0.0971228388242034
-0.0917570801860168
-0.17331665077836
-0.18693983237305
-0.0189168341373019
-0.194863294201279
-0.511991696509242
-0.626728771758622
-0.251230560673151
-0.251292058515167
-0.432692576366727
-0.514518501483393
-0.492859402925823
-0.502205236849122
-0.00805431007067093
-0.00136367290606105
0.161101442158491
-0.0478730083209835
-0.0830043077032887
-0.133870901931447
0.133655564274451
-0.0191172235456478
0.0106487704042795
-0.381282396436589
-0.439507502080431
0.113928344075516
0.235650004052378
-0.0673376186566135
0.0977065722466787
-0.150109250719401
0.00990863209139061
-0.178615379263829
0.161338365775533
-0.183059450855878
0.384337559747693
-0.0481237308397848
-0.124405201199723
-0.203388098590667
-8.37050491034864e-05
0.188911768906779
-0.0171252345629086
-0.179298203495816
0.0453295375238374
