-0.115725425457431
-0.196161124642841
-0.191999887742634
-0.229925417762073
-0.322270981075729
-0.39299041745807
-0.271844533400675
-0.28013205379435
-0.345071775857452
-0.347307227378561
-0.159571761592887
-0.232499686190872
-0.19400032052206
-0.106304239038944
0.158201209181626
-0.354104369373372
-0.269480464303675
-0.407542632906874
-0.353543728352604
-0.257472912068867
-0.233707710944277
-0.33639023824693
-0.134952884557021
-0.267724560446604
-0.185895542399462
-0.237236219975928
-0.23032265426899
-0.282221092859553
-0.169031621006147
-0.120867381307825
-0.147057043358123
-0.29527730844462
-0.11265410002708
-0.0905619238211764
-0.0998726980730845
-0.360353185688331
-0.177252100196724
-0.11010503741702
-0.310193170730576
-0.31145221150294
-0.291970450690084
-0.258496776364862
-0.176362680139535
-0.196826084105556
-0.196449810098572
-0.282115249853023
-0.259525310437279
-0.283457247929538
-0.29146067770212
-0.307406739212046
-0.190577193274881
-0.222096467539394
-0.296689734989282
-0.313277100417077
-0.418871019564133
-0.212688995422134
-0.282853472561031
-0.382883212976197
-0.209770550525906
-0.224099297138769
-0.192688691380425
-0.142462854137496
-0.180455492259643
-0.109888072099355
-0.254153801498311
-0.125609993564825
-0.255898373920783
-0.206183899471877
-0.244371449126132
-0.192745386667471
-0.21622835366748
-0.240450324577221
-0.178394407907657
-0.196330222773317
-0.296205485140844
-0.109375154671667
-0.146672382850747
-0.180047778594384
-0.225622057277719
-0.0961694480726991
-0.194426308841069
-0.197122661276537
-0.288706460988119
-0.125632479454405
-0.203676718391671
-0.20215470810769
-0.244878456865281
-0.357126025981323
-0.22727440655366
-0.200348365317023
-0.181734794159876
-0.131057985598763
-0.116874038173011
-0.250349992790345
-0.18895364803813
-0.221110274902723
-0.185530644553812
-0.118446528910746
-0.228308935838319
-0.334909930481987
-0.221318245722245
-0.17817520635485
-0.0890652424802824
-0.243387459234901
-0.176947145386309
-0.0604608977656021
-0.46421651930334
-0.102281728154467
-0.0412175375283649
-0.0931723889870805
-0.0946767735103094
0.0327122483638498
-0.235228195942686
-0.164139007423879
-0.0691264600927969
-0.18148130590473
-0.117885970877861
-0.216594197450987
-0.142148341132458
-0.22238167469812
-0.0727423525596428
-0.0851119521979972
-0.435082179448131
-0.298645430667061
-0.414987409773948
-0.12042127797178
-0.237801665353494
-0.256106819845463
-0.305443935223773
-0.342791848714144
-0.105752932484544
-0.187015467191021
-0.0864408722221573
-0.0840002868348207
-0.112450191045098
-0.225680493402414
-0.0684000200755097
-0.255399940698354
-0.179386831416127
-0.244942646344589
-0.196590232450469
-0.243976164220122
-0.13162320660712
-0.113933639148896
-0.189111814949597
-0.214534129475065
-0.21682597812594
-0.116267808963095
-0.173246059733949
0.00248436787763773
-0.030248070591932
-0.218774721542296
-0.22637767252726
-0.164824688383685
-0.179093119230595
-0.229303562742011
-0.229411667208777
-0.371112996885759
-0.329414139299932
-0.266429370793477
-0.107790870288826
-0.0479149286357478
-0.243531599445094
-0.262997614036882
-0.392641965080761
-0.183578067931978
-0.0375015791995313
-0.109643800481836
-0.133171998124796
-0.231791508543586
-0.20658970544255
-0.0442838564294961
-0.310881273847666
-0.195775621097167
-0.373270822835525
-0.167956181778062
-0.247492605810242
-0.0546728701689349
-0.0345836919598132
-0.132346116835532
