-0.125966909893755
-0.179578060143082
-0.166314131051649
-0.264860456301346
-0.37317290743606
-0.402985500999142
-0.361596173017424
-0.278790662917365
-0.307012936934023
-0.260779224529867
-0.18492141343299
-0.17851541295276
-0.241113195856603
-0.0472475284081795
0.0696512279437923
-0.29316924475809
-0.235392459546758
-0.360029703987559
-0.352711429268312
-0.19632179554854
-0.266880955386146
-0.363079101780824
-0.246782510319169
-0.340369812471508
-0.222709491758247
-0.329965493722894
-0.165036730542355
-0.303916522315111
-0.0956800972013338
-0.0563588428526772
-0.134340598960521
-0.106736232866425
-0.0247063025007166
-0.0475086825048779
-0.042095992487919
-0.288486944350602
-0.180266184140074
-0.0155873803046057
-0.342303338729836
-0.250429933558668
-0.322399708145813
-0.0927965055896654
-0.210844374027438
-0.243513420851104
-0.263723779667186
-0.219683888753751
-0.162805698412883
-0.369506535180918
-0.335403277385555
-0.264548937425022
-0.182848255224415
-0.231027341607239
-0.280926091156194
-0.311070317454789
-0.319374882320407
-0.250745694234731
-0.305235080494
-0.349369407943051
-0.333724432445846
-0.197497096581763
-0.268739968440167
-0.0430678497224374
-0.119543743987939
-0.179720432030363
-0.273594949042378
-0.124803948493369
-0.225924676196183
-0.155196763089972
-0.237454457839978
-0.200390804217329
-0.167161853473571
-0.213248329379207
-0.163343727026928
-0.218279099709997
-0.254138502487911
-0.246264965446974
-0.0930418428884381
-0.183897217634537
-0.13259758146881
-0.121977660471039
-0.159328922415339
-0.172817852947315
-0.142178709176029
-0.0946274852719817
-0.113783243733909
-0.110355881716165
-0.182443950900991
-0.227896262465257
-0.164374687530096
-0.212903602414328
-0.149870147293724
-0.1658758921626
-0.286898066669384
-0.210163641268337
-0.248341420047679
-0.163124806534076
-0.23309626028695
-0.151552770658891
-0.307219212543083
-0.33960451949136
-0.250522209101424
-0.298227980190666
-0.141221017263653
-0.208455372494425
-0.11227065565611
-0.194451578434403
-0.469394020916637
-0.105754216672132
-0.106622028238156
0.0794942652583921
-0.0894975746340193
-0.0172604477890273
-0.253726012884595
-0.070304247954309
-0.0874007312452582
-0.251271833501327
-0.0784956008986945
-0.206101253390491
-0.214716881185827
-0.333500989500121
-0.290837754209701
-0.163504271350444
-0.33887823021703
-0.305103261384568
-0.457664129829942
-0.343397081719316
-0.231673666513033
-0.225107164157916
-0.287403209967344
-0.271646299341175
-0.204105780400796
-0.322646470560641
-0.160709827991788
-0.036606137086059
-0.210213827885303
-0.28138101438848
-0.0690128408798727
-0.196343383631394
-0.301433169139074
-0.210214217529718
-0.126261217179474
-0.284025048814267
-0.183285220561169
-0.0568652697723201
-0.199304903110948
-0.257826544077037
-0.202693608590633
-0.0848752821927572
-0.107238989955137
-0.145803813652729
-0.12043487520328
-0.192967683966104
-0.269457179725839
-0.22033549116238
-0.279498956001063
-0.265752920593261
-0.119522295980347
-0.270321117716125
-0.226285312004912
-0.306445476292119
0.0100591284944971
-0.0393093938701166
-0.27227251287738
-0.261692732746118
-0.270537787474017
-0.357717018147637
-0.0669047161247253
-0.272463088117732
-0.189811544252707
-0.202729102594954
-0.21756335905498
0.0371434028079198
-0.260983500038336
-0.306378281477373
-0.448885601345182
-0.213642097691422
-0.208801709718587
-0.0256931026520921
-0.0397580365768168
-0.166530647256378
