-0.0200469095542391
-0.0715401300107368
-0.137951833455594
-0.0923561357053534
-0.0685235551910616
-0.0363183890070649
-0.0948821124945073
-0.088321106259801
-0.0969685374066752
-0.073462784676792
-0.0683058941122082
-0.17533218625903
-0.0964910583926097
-0.0127264164176512
0.0101220409560706
-0.0967496761672801
-0.0316803011076536
-0.0909632897535143
-0.0821645510770861
-0.0309836953921889
-0.135544240729782
-0.085711349588712
-0.114208572073844
-0.056197105119564
-0.197351489185338
-0.140957935324476
-0.153585156480266
-0.127837902827899
0.0265005192350958
-0.121811657120659
-0.109348698886506
-0.115375258767022
-0.0978275142065491
-0.11334112388393
-0.11412861142471
-0.131368490758333
-0.192569101420362
-0.074002418652826
-0.206923439232347
-0.166630391518837
-0.215690328331861
-0.0871357487957797
-0.166092262720497
-0.0333787527506877
-0.00340444959006917
0.0228761535563875
-0.090814575602379
-0.0211959740089224
-0.075088330678364
0.00601913941669581
-0.0883458062290716
-0.0852920730662262
-0.0692700718550904
-0.087299722579425
-0.153972663347052
-0.135466420682509
-0.189987470731872
-0.137847803028823
-0.123279876848394
-0.163646814952211
-0.307679144405149
-0.117660332331459
-0.0867651304353474
-0.236723645909772
-0.339254905987024
-0.147305056922764
-0.0448481500629813
-0.037507384947917
-0.225695353162475
-0.197670098673785
-0.157903024268704
-0.203946105667508
-0.0539206787462286
-0.109853197954615
-0.209122175335367
-0.250309632863944
-0.0744328913859167
-0.115445829375621
-0.0866841752234459
-0.0297672153536414
-0.0880393945107081
-0.116830965007445
-0.0381158868173237
0.0932208469190349
0.0330739732402087
-0.0132551573956456
-0.196412145701776
-0.307685042914388
-0.0934720020027469
-0.109157090218537
-0.152678794906223
-0.263906036243811
-0.209981170291061
-0.206015041016512
-0.0379625690244427
0.00981209846312163
-0.0381273426208881
-0.0212499905524121
-0.193915631438304
-0.203902259998994
-0.222420485220336
-0.242177158713726
-0.0944566550619694
-0.119848912918931
-0.178204398521607
-0.153106381154431
-0.115486427504871
-0.0610688255276502
-0.136162017743478
-0.193260694561564
-0.107188550284969
-0.0296514968453075
-0.190294998121886
-0.0937168636805581
-0.175606899336541
-0.0755562320072494
-0.0197523346323835
-0.139305290938468
-0.0146850862110806
-0.085137163957654
-0.17007815327185
-0.0534719353939114
-0.264017636663616
-0.139422327829388
-0.214471783784852
-0.0335934285761318
0.00978450162437439
-0.147826530881383
-0.227125641956927
-0.178282077045519
-0.131812957192348
-0.151847897409115
-0.0679376295634451
-0.00922805741655231
-0.0362698200839751
-0.0212991742599031
-0.0392423684589999
0.0149766654568099
-0.141930599729177
-0.0469454049669525
-0.0335980335846907
-0.110499107855297
0.0603076088138779
-0.042630592353318
-0.0953475564332953
0.0259806872100823
-0.121962268707276
-0.0339575397579221
-0.059352775337084
-0.0581997349578678
-0.019914130221062
-0.127449623325182
-0.135179275467465
-0.0765136347121052
-0.0250745216614322
-0.1037822397187
-0.0846757462709947
-0.128371103755709
-0.000651440622344891
-0.156336222551678
-0.120951539243776
-0.0234321962733975
-0.0362790633930746
-0.182859593871391
-0.255729027530786
-0.105709077465881
-0.0964122936517889
-0.210142167746452
-0.0842366661792492
-0.0691720559858149
-0.118600703578021
-0.189651985424632
-0.0936480086734271
-0.0639566303868942
-0.146703679279099
-0.138148472563592
-0.0536718012743246
-0.169668498835193
-0.085583980641464
-0.179446147180868
