-0.219661790235734
-0.0491150645184826
-0.0803710917912044
-0.209939150613581
-0.176758407120802
-0.235841136901518
-0.108732390438333
-0.311673539022171
-0.217995334783078
-0.137515987213503
0.0017412993018268
0.0119106841545393
-0.0144348283711106
0.00374952473887418
0.167754911328598
-0.0364298219682624
-0.00624409952723563
-0.000307712609465897
-0.125977755424746
-0.18171826576421
-0.118975801799793
-0.0724097120650666
-0.212670230690344
-0.079345876076814
-0.156552791866851
-0.0575342254100711
-0.0549257570730157
-0.13690387432035
-0.0051948869550539
-0.0619360802789708
-0.0506182436918003
-0.0336334134934666
-0.129374842795911
-0.0530811170909453
-0.107115897690268
-0.30531160192596
-0.23641766185962
-0.151459006328557
-0.286202084467358
-0.280629791111025
-0.386907396500499
-0.31957973282591
-0.15483146305575
-0.128702728423544
0.0669743013359692
0.0414300003423155
-0.297951669729117
0.083967923833946
0.112287604682563
0.141606483350619
-0.352880118561992
-0.293817333702246
-0.30359536781354
-0.187288707829645
-0.110717222794072
0.0137960293179915
-0.336771224582697
-0.026288208604524
-0.148507201745077
-0.0583289612032762
0.13741441971655
-0.148479778062356
-0.08658558453773
-0.189100730253679
-0.249471401702417
-0.0364374052952358
-0.0653742971914689
-0.0603587921643371
0.00102889673798863
0.00775785639186435
0.0342774469557769
-0.0912533541166208
-0.084442913651845
-0.153462815288912
-0.0541158572284746
-0.0792924876540008
-0.0386095694374058
-0.00458035889079802
-0.120786250693769
0.0690910703177516
-0.226250936670808
-0.118952248679711
-0.130824534188294
0.0501446478948118
-0.0350532043631401
-0.0410865708029793
-0.114409131206007
-0.128246019066561
0.0685216968626368
0.0591010651123552
-0.163382979447409
-0.0832635029470358
-0.0700992641770284
0.0521452984484736
-0.0536800139318596
-0.152159493047604
0.0181230139096369
-0.154719261742197
0.00842634144107752
-0.21572322738536
-0.256856369639766
-0.334234773209239
-0.0525968997337894
-0.126901781619923
-0.220270770947368
-0.0738125021460091
-0.0940887816647842
0.0846504624441547
-0.0100865783399997
-0.0455472956268431
-0.263606117620481
-0.122498625775916
0.0348612528718092
0.10376715097155
-0.0916204531553753
-0.100395599349741
-0.0103065110842614
-0.131578460701878
0.0328491541489026
-0.0874771334867591
-0.106829847964214
0.212447475432751
-0.148280973028991
-0.0646269809108159
-0.309840814301898
0.0212691999377998
-0.126916743244675
-0.0781478889255537
-0.225113304331918
-0.184040422565364
-0.0973107837265687
-0.0449550690799645
0.0135155632922932
-0.0972683593160511
0.00665008667340122
0.180332239437803
-0.0366340130079912
-0.0796372128411768
-0.384276309756414
-0.154056685365874
-0.0565871805454735
-0.0192073471702451
0.237837889247234
-0.0158332221159217
0.171106189681523
0.101129028168729
-0.0310816560687309
-0.0184766106508702
0.0323888929586931
-0.16881734351303
-0.0225414277207977
-0.00292740835466802
-0.0696219821453372
-0.0595488242098506
-0.0155574582210433
-0.0380981480694167
0.00129116217694962
0.0247225547570662
0.0835307661111707
0.0664043755604687
-0.0825552303331785
0.0253665301864856
-0.0197404686995927
-0.0111387409665695
-0.0441007169950801
0.136250141561735
0.0129742905731087
-0.234960578850001
-0.246988266836687
-0.0841652206563657
-0.0451299544417996
-0.0562220590118417
-0.00378954330333795
-0.097538615114075
-0.191578228063445
-0.0888305433783146
-0.080431074666318
-0.096429306283043
-0.137980281373963
-0.180211474950239
