-0.0295473684104519
-0.0422714139537026
-0.15632551974853
-0.080660254124268
-0.0960190580171414
-0.0563993598673716
-0.094041604678962
-0.111283810950842
-0.0757543019937748
0.0026935997872657
0.0132283853443238
-0.0182045982988232
-0.159305167731035
-0.0195129290879778
-0.0139126578818037
-0.0843389031264466
-0.0560625017338146
-0.104412039026007
-0.106085218481292
-0.0688767176810331
-0.12874712452454
-0.124035111819491
-0.129987290381568
-0.00621702613932778
-0.170687263332726
-0.0546173065955336
-0.108484761422851
-0.165389871031432
0.0722168554190057
-0.0970099078682125
-0.0883983647205247
-0.0313178817626815
-0.0767836958578909
-0.075347423728179
-0.0976817292844556
-0.151869247150378
-0.12143489574165
-0.0156402209864575
-0.199373405952001
-0.15534414120857
-0.17533844740387
-0.0722937339971657
-0.105693653129272
-0.113534628008982
-0.00460645253221241
0.0197322027497094
-0.0848756430393218
-0.0851772005329795
-0.100894636000856
-0.0280019738929132
-0.107090965162888
-0.109756484753101
-0.0572509666534957
-0.0400371706380987
-0.145591631889862
-0.0883044260091452
-0.16774437486529
-0.02346076930288
-0.0718341908522465
-0.076020576695121
-0.270562485501137
-0.103170990263105
0.0110695552340397
-0.262170710705416
-0.342767000799608
-0.105763542925997
0.0777280312461588
-0.0179151610543293
-0.138862799622067
-0.0787779876311034
-0.039572447483634
-0.16344618883107
0.0605216288201606
0.0180172290942882
-0.112960842342765
-0.0840119589647772
-0.0603880490503826
0.0370826924925949
-0.0741413794493707
-0.00529482914533724
-0.00858983695960864
0.000657467907772281
-0.00844583801504073
0.0499148837566532
0.141008447140631
0.0120474912123771
-0.081789987232113
-0.264444825666475
-0.0381943371908962
-0.186052236693136
-0.142345835681278
-0.16083839986532
-0.248997318588939
-0.11798389677741
-0.0185297402318747
0.00627922571888693
0.0877831936747482
0.0268734119432525
-0.209499897461583
-0.206426813113189
-0.274533186395721
-0.212097544147463
-0.0978360631785633
-0.142883932373926
-0.259210931780854
-0.18040261715726
-0.212255691908317
-0.0264264481880947
-0.175926484183317
-0.0440764933923345
0.00351904226752612
0.102066508128619
-0.196986543485083
-0.201571923215197
-0.187159555171489
-0.125416959994451
-0.0848027003789703
-0.0454638543053787
-0.0402112102354922
-0.110926169217
-0.169248627808171
-0.102346806225645
-0.240031404700359
-0.11891582638823
-0.178619483147702
-0.0371773290546734
0.0503999254237233
-0.168866103983549
-0.259835175545411
-0.102607834324318
-0.0773403317303397
-0.280226474275713
-0.0896625149260827
-0.132544956820455
-0.0866254562129978
-0.0382735269304097
0.0518388649090221
-0.0640251199734362
-0.133629335633663
-0.11269858812639
-0.0967255714870878
-0.11952004570132
0.0457970823225666
0.0266305769819854
-0.0139508483424624
-0.0277476778254405
-0.16631088663913
-0.0434316292678852
0.0357495288569455
-0.0301803984019175
0.0259826507511846
-0.183409412111631
-0.122805140083671
-0.131151291914124
-0.021033180938601
-0.124157602934866
-0.131412876791855
-0.117368599008619
-0.124873085855507
-0.161731490276479
-0.164720712865973
0.0223483886528317
-0.0443225084398451
-0.129088406916964
-0.236062998493504
-0.00136522702329944
-0.167300630683876
-0.20926476887302
-0.0366693805609249
-0.0426518476609973
0.113296600829661
-0.131226611984912
-0.0597704335240394
-0.0711078463027125
-0.202347377599409
-0.125423297662428
-0.109931106095444
-0.102195317036393
-0.0805990555566184
-0.115528886247295
