-0.317023407342211
-0.26839777811989
-0.152122420443901
-0.254497263904715
-0.288371821324955
-0.214720929199656
-0.151013512238049
-0.396184409317778
-0.353423577482369
-0.0188735921217593
-0.137005676480972
-0.0225820475575452
-0.239649774262449
0.000332862754763936
0.306561116908733
-0.117640305725409
0.0630043161133144
-0.0185124769745828
-0.041834269146607
0.0470308388334565
0.0344609177333276
-0.0587682526909476
-0.259405243013755
0.0550834822028324
0.0333505847886311
0.117971942257418
-0.000364973743174847
-0.0853664010269851
0.191534915417124
-0.0450255817833972
-0.0465024154123235
-0.00148393436950139
-0.031436381127016
0.0579759980425268
-0.0156781713514765
-0.252055960445624
-0.23422808857842
-0.0468906562030257
-0.360773190205637
-0.162688068173351
-0.294121309996635
-0.126038521752388
-0.147178818655377
0.0637910480622217
-0.148863833501124
-0.0162786170656653
-0.109758472063003
-0.0481065032717725
-0.0804571822617558
0.0933733386211043
-0.384501619573146
-0.378671121077924
-0.323829244740445
-0.184278200240735
-0.206540035697889
-0.0668648868953205
-0.290766292687636
0.00985964921663396
-0.187914555265156
-0.110722844793497
0.049731124879715
-0.183641847673105
-0.0687805415905472
-0.181810339480957
-0.0608880243851897
-0.0894455815477052
0.0361409066318508
-0.0474150654401512
-0.151125392049685
-0.0532206728217468
-0.0374370089726522
-0.158945587713243
-0.073323774024383
-0.136708540291352
-0.200796003898376
-0.0825169184641318
-0.0234461194631418
-0.0562500191686415
0.0652932847142859
0.0420154124361246
-0.0308639975777906
-0.0217977244754754
0.0517152390256275
0.133266385134954
0.0732171063966929
-0.0288877623820718
-0.167189907171452
-0.0658742261689852
-0.0584210491875006
0.0246887750922272
-0.105371678287147
-0.0961930113838632
-0.109277395887019
0.0351549202515398
0.0285199679499527
-0.0572127586944523
0.191807948206771
-0.0651866762632056
-0.0693181792570871
-0.341959985613161
-0.26222105981681
-0.395845231584536
0.0500680507268566
-0.210216551442218
-0.157430453712981
-0.115256601913102
-0.177498828366114
-0.0044551441735743
-0.101000370029415
-0.25124819568857
-0.146638973507342
-0.150911779054348
-0.146890032344547
-0.0173344302213529
-0.140861729128751
-0.179154692626322
-0.012923104582313
0.164088176038246
0.00713233949005682
-0.104310544185045
-0.126779814573767
-0.0454057761872511
-0.265728717114659
-0.0487672518236519
-0.337111710065651
-0.108583156033624
0.10484520513377
-0.176678388139431
-0.204152493679512
-0.144864812678103
-0.111045391701458
0.0147987698037806
0.015745686949085
0.0647954524134926
-0.0510682919520465
-0.0431586326441981
0.0437102486587013
0.0331569287884541
-0.238172428406043
-0.11105955822979
-0.00541749566414649
-0.0623773175643654
0.13829065537588
0.124969676441022
0.132686424991744
0.237461874686369
-0.108882439595986
-0.0273903721875563
0.0805993570555512
-0.00086424443886319
0.00567799518843775
-0.123811711800473
-0.134414226560401
-0.0796277026262779
0.0288593667356747
-0.179098958372968
-0.0545150058038794
-0.00261263310987855
-0.0719550944050823
0.071422665725094
0.00363173053425746
0.0474935141906235
0.00413298434703324
0.0426644443369645
0.0868932413287131
0.177508758485773
-0.177486938231214
-0.226501114776348
-0.195389887043306
-0.109007534777893
-0.0114238368017182
0.0851372101970889
-0.0638247909366021
-0.059362331763809
-0.161820304168973
-0.120209343185149
-0.0367988358443162
0.00785455568575616
-0.138016046039685
-0.0571632004244258
