-0.256806621940657
-0.207415420901197
-0.209485331511688
-0.214710420481587
-0.228062248929522
-0.178236265505303
-0.173370963727309
-0.194404714035102
-0.156917566355102
-0.00383268575616624
0.00552091021814468
0.030261248183797
-0.105915239761598
-0.00244935734768597
0.107266110952698
-0.0055487434293837
0.00931827675311599
-0.143217501768848
-0.017026145740139
-0.0206185713502698
-0.0127320472512473
-0.209736492098194
-0.239485658385336
0.0255595353995192
-0.0636018096030647
-0.0515560645578538
-0.0597933418364675
0.0256831819931742
0.158811654813612
-0.112283594890018
0.0313868872285795
0.00411306587539702
-0.0848689988104901
-0.0495779341577641
-0.118907450362567
-0.0635783977631241
-0.157216611389047
-0.0370130386409167
-0.154054151594334
-0.120477685754891
-0.193633239993037
-0.0868754516831613
0.00185755639385519
-0.0588324862312192
-0.0151314320824037
-0.0133350588493232
-0.116509035120868
-0.0454898535017829
-0.0228150431161071
0.137705249110718
-0.209119993015882
-0.17493490780249
-0.174921471755076
-0.0960995804239809
-0.0545424276394856
-0.10034396712957
-0.149308081681988
-0.0548162962573218
-0.00812341640898619
-0.0311023830874082
0.12483286557626
-0.040864167624007
0.017944868583844
0.0773454732427047
0.0512108076550802
0.100696373908899
-0.00373065271994625
-0.0210990160182859
0.0474821351921125
0.0179336920588993
0.0636122262345747
0.0601615086643559
-0.0452794457898918
-0.0468840167991533
-0.0340606991370072
-0.00547399979040032
-0.0115140780123085
0.0585512066094519
0.11347465756571
0.0545591733084007
-0.0118840226933323
0.0981817752877706
0.036370305935395
0.0749120013795674
0.0711044663070602
0.060099506892705
0.064918638070468
-0.000252629814551972
0.00580925928364335
0.00476465737379288
-0.00173878979786309
0.0123538727021557
0.0296632911117298
-0.0358925447067947
0.00887964919814879
0.0654095757222597
0.113315949590657
0.00936455427389995
-0.0911547887539632
-0.178366727134748
-0.1473763354265
-0.144637320140809
0.0355945661361872
-0.144339344488438
-0.100062698315592
-0.0798193914912025
0.064809900363554
0.121715307627536
0.0988539237008805
-0.122448808003613
0.0584721154547523
-0.0128906916428176
0.0461877099227737
-0.000119187286573585
-0.0127051039027073
-0.0572076074237613
0.0300534141691822
0.0571624257317509
-0.0592077714122928
-0.0356040652322631
-0.151700342126493
0.0315360292248627
-0.0498772782715465
-0.0945485042532156
-0.155749030645061
-0.10467832419209
0.0431565970501249
-0.0816806056296931
-0.0994869173905358
-0.108674334985501
-0.0122667996306854
0.0119339279879369
-0.0426564909007519
0.0272875418185161
-0.0274775361292064
-0.078818149862394
0.101907664807571
-0.0228006343553875
-0.149694926197094
-0.0696124529392468
-0.029242296728668
-0.0220237904311292
0.0684175760405056
0.0826364670789371
0.0733231572391526
0.145879239454132
-0.117084822484073
-0.055669670371614
0.0307169287372678
-0.00339193868262938
0.0678411910303334
-0.0900696249937353
-0.160427362390205
-0.154739671379832
0.0201140183878253
-0.0868447480674336
-0.0472400755903852
-0.0119350592152707
-0.00860200150331621
-0.0471101145601032
-0.125453053463685
0.117878083709768
-0.0680840201499621
-0.0212928907115515
0.057067814664374
-0.110670672177711
-0.105672905596401
-0.127539868427502
-0.0378752012877578
-0.0236731314806835
0.041504576340301
0.0490156936568358
-0.0190186112268078
-0.144679368809808
-0.07636548474211
-0.0887104441466644
-0.0986706966923707
0.00966838654102679
0.0407771086072621
-0.00950371741615618
