-0.240572195512707
-0.135522995074406
-0.142229118016473
-0.215925335782676
-0.16665724479388
-0.206621195910496
-0.161159193147352
-0.160995774610606
-0.147615557760366
-0.0429727629999086
0.0418346082250481
0.00646391946611272
-0.0979005937542796
-0.042895854734362
-0.0123347862195722
-0.0466951289078587
0.0217756158330632
-0.0932627435503586
-0.0765884339871068
-0.197271048438631
-0.147461778931825
-0.160018075515092
-0.263790372314103
-0.114165296925065
-0.089195055610152
-0.00553862139995796
-0.0498310437343572
0.0121701767542449
-0.0349615300566886
-0.156356794908482
-0.0614010413438123
-0.0203416005543896
-0.143509346802911
-0.0743359072775474
-0.148815660883624
-0.103156822117712
-0.142538804597993
-0.0840318147700506
-0.12756581254189
-0.131890872474783
-0.0893308109587453
-0.109253501955608
-0.0314343217702575
-0.121668816000205
0.0652993286471286
0.112456731048926
-0.158997641302579
-0.0491064935636382
0.0394475564044166
0.230426414438968
-0.190543396234379
-0.106951382269534
-0.17913380882206
-0.153319219240157
-0.116922343800833
0.00293209722053974
-0.185266554118509
-0.087666133216652
-0.0547074821405001
0.0231128024330449
0.156865476923648
0.042891677182314
-0.00974840437361207
0.154679184201599
-0.0201421805084817
0.155257500780686
0.0914989891914935
0.0914622171839355
0.128492642055342
0.0525967454889528
0.11482661262929
0.187942307550329
0.113756064546161
0.133351394079453
0.0633809661765497
0.071906733205889
0.0393954530534458
0.0886613340702507
0.0272010218534494
0.0326594125693001
0.0504576349749344
0.0222946577358568
-0.0111352120456694
0.141290789072611
0.161343075358806
0.0787501168845485
0.184527547497101
0.00338644682680477
0.136397078334579
0.0584463767847832
0.0585039028400516
0.0675825503134802
0.087065187958818
0.0802184011422743
0.0234329096907635
0.0113068846298641
0.0325120749788849
-0.0101526306924233
0.118803279230895
-0.145010676818995
-0.121241931537859
-0.137033964577869
-0.0464254003530015
-0.0886064822441095
-0.0399905758704957
0.0549373830162542
0.0452503150596928
0.215713627299692
0.148618464713221
0.0575794173435236
0.0616851343829699
0.0865699445267031
0.0613542888345504
0.140521211326282
0.00933219836694784
-0.097510207776456
0.0668292813553946
0.0809911824553871
-0.0289667143960212
0.0114956897843114
-0.140838812935474
0.0671037028004875
0.0207091526402612
-0.108924438700578
-0.0541572237884616
-0.0199217944607038
-0.0114243572210404
0.066474100467692
-0.049731786968515
-0.119866014021738
0.0319159173884687
0.0412283386453048
0.0270054411478977
0.0311027510899666
0.0369882691434125
0.0177526646682639
-0.013466128360872
-0.0616863680733746
-0.120294783241569
-0.125970655574474
-0.145790753576914
-0.0398744703112312
-0.0467569763890513
-0.0479591738219994
0.0406605577296293
0.0355467031878153
-0.0669831306231743
-0.0726366801775658
-0.0424930966521334
-0.105324417159172
-0.112839147767074
-0.05003022785653
-0.0616349245179696
-0.0469000376440997
0.0640009533056109
-0.119582726354395
-0.0987617297378414
-0.0730077223141968
-0.0509076176327867
0.015130234345684
-0.135379598914122
-0.115960629802334
-0.0899952559300364
0.0479369648246934
0.127235428113945
-0.00589020136586507
0.00808948928327004
-0.0763479184570218
0.0378445130957277
0.203249656646356
0.160127900570657
0.0104174286394099
0.0691807896735407
-0.137260329851919
-0.108535481586082
-0.0417892391104994
-0.0240142422762416
0.00846039824308861
0.0593419356938349
0.104092165127708
