0.419355052957914
0.394231472272664
0.39146603767055
0.478953366794637
0.458976277231204
0.45139434551362
0.439543905968953
0.470830634223884
0.435656225390525
0.436891971107706
0.366908822340654
0.410761326803814
0.382071986517419
0.367704870473939
0.287858661237379
0.384674690046065
0.398278746462105
0.499956433715471
0.397509637022207
0.347590208756173
0.350166052121963
0.440429345783519
0.368432165645129
0.446956123324403
0.3787207755497
0.362897554188604
0.381581842994873
0.410373899843337
0.352620210346345
0.270104232151065
0.320331289616413
0.325085856780982
0.268295106958402
0.273628824250217
0.267924001351971
0.43103933235928
0.42875390822936
0.43493261387201
0.399665914621805
0.468466997680586
0.445615072568282
0.336352826544031
0.426934229930453
0.3734356232952
0.386333530649914
0.33991811845917
0.389943959845739
0.3914163269638
0.367155676688625
0.368232467876885
0.436633098426219
0.419060609200974
0.454997642041513
0.407323303345875
0.403763966388861
0.381500670254484
0.459780372896559
0.372828571148275
0.382863050194818
0.406649733601753
0.327259363970583
0.333404259951754
0.369594444080728
0.321463241546233
0.293372003294799
0.32042002314553
0.353057991473122
0.339295572632296
0.352165492239458
0.337952502549117
0.320416500470127
0.31420403700747
0.370352279295876
0.369361328363703
0.375439843719518
0.355499978892764
0.294406663726506
0.379669163988045
0.373847827342015
0.343643547524286
0.361561595433162
0.337674754396141
0.340851366472476
0.375331274129341
0.287702170397934
0.367928495132548
0.322893782505357
0.285445180202958
0.275143283268129
0.277614718123913
0.309684886815084
0.3197795684648
0.270822185066607
0.37876916349953
0.348898707866089
0.420696617890388
0.352673564216622
0.301019407435374
0.413338637743479
0.436450357779665
0.384694100634553
0.395769777287481
0.39854900601798
0.483844560996211
0.384526430107532
0.419355760622248
0.393534800832717
0.322160563549053
0.35792733153713
0.342062921965509
0.356791534546057
0.320167988302479
0.372689184860729
0.288259871647109
0.300776647800407
0.349304762854871
0.368487681523545
0.279068765441056
0.362526821879747
0.346378720973093
0.392808922792702
0.332457753807646
0.324132326775163
0.469594132368101
0.420631053917503
0.371741009457555
0.378772542715457
0.369206965008971
0.366895449170339
0.37331096695528
0.335451175497948
0.285238789115748
0.37244799905057
0.313416855405327
0.373532848119697
0.426598321427642
0.382384516472218
0.438999118057142
0.422675371545353
0.435896296227951
0.393187431548239
0.42139573739016
0.392611235785441
0.311053467661709
0.326310190962823
0.395104675923055
0.351234222105319
0.351823654011073
0.326945605609921
0.33290934831229
0.29008896603349
0.385316811647649
0.393179398994908
0.403386312198828
0.350775023972083
0.372819816401102
0.387273244805435
0.368820136616129
0.385987202050464
0.401348159033834
0.262752417522606
0.287090625918375
0.453852556796076
0.249259490637041
0.261947201492256
0.288717596047648
0.422768888955221
0.402222603011307
0.364285369709082
0.332745626061775
0.300717501443433
0.257045870256284
0.388889353445901
0.465706356061459
0.472981834382604
0.310513214248855
0.298318064023988
0.329696690954766
0.369524214413984
0.322838152008074
