44.3285359497961
31.8157874615489
33.0515739283066
39.6076416303979
39.7934306644507
38.0309944251124
38.0465380730221
28.185272328317
30.6640140363956
30.2580411424613
33.0907409736876
31.580500616613
40.1348783223725
36.2383785402204
42.9789898102225
37.1624262760169
34.6196070577732
33.9778293388716
35.4773910862813
37.5541674628587
38.0883325211234
43.9918479179781
31.8493596158405
30.4416889429619
37.3976472116868
28.1312590624756
32.1755362403178
35.5829821081654
42.1869211112475
40.4853375634964
38.7017098871597
30.6463791819675
42.6882324620185
34.1585396112071
37.0974457809866
29.7922715293517
25.9674647561918
28.8773826593395
31.7993607369946
24.0591643906199
24.8836474134278
32.1657679686844
27.2548420379896
27.6591650253277
38.2574950293151
46.8059171666315
32.4198982006683
35.199583130547
38.4555066251698
38.4330727193618
30.2763974142764
26.9792815823418
30.0922709485268
27.6684050745791
25.1161055249412
31.1315073684253
26.3248988998594
26.8696403322872
27.0320359142712
26.6799217349243
32.2791721563472
26.2383818791682
27.2783024652482
32.0189799443596
39.994226772119
32.3154931051496
29.8663471979889
27.9556606695599
30.600299079435
28.5190761937089
29.1666792787777
40.7626264201032
31.5527367945199
33.4238745002271
37.0068667567238
37.2520701538535
40.5356101064809
34.6275804690868
30.8008415537031
32.3007432512095
31.6897555192497
33.7674805681285
32.5927461999696
29.5423197214277
35.1320223884576
29.538984175744
32.958781487929
40.4410873244388
42.3343027163629
36.7513975635393
39.2589918510197
32.9843801263958
27.70317074763
32.6234720054049
35.4714487261709
26.9079119957301
29.9164094538149
26.8645882453764
33.3786043639043
33.9554032072486
29.2485671323295
28.0580603719657
30.2679045122764
28.8928331814881
31.8804456684812
26.5985562539919
27.9369292313555
29.6928261607463
27.7815319965621
33.0644901526032
29.4186544581857
28.8508480919545
29.920634809473
27.5373922559702
26.1059276137622
32.761493302899
32.9668750128187
28.975885511873
31.5914422543122
22.6089017578813
34.3493975245479
24.406007101734
27.1333957735489
33.0444508209598
30.3543793243787
29.192375550499
25.8625681939935
26.7111195792816
29.7347632578149
36.245894757378
26.2956006213224
27.1567521022818
34.053099136517
21.7387700508038
21.0905886813636
26.9360425335454
37.6104607383119
37.6715787523274
32.1614441296311
34.5855994307632
31.9520183734196
35.623548407819
38.5393467765338
36.8765868024215
40.25404399742
37.479856588282
36.4754151195198
40.285421788369
40.1724231829036
39.7572451604721
44.052814313539
40.1952614914295
30.425968064321
29.8065187248388
27.9176932977657
34.4400204394768
33.6104932132176
36.9226083954467
34.1157126285246
29.9331921294478
36.9646846953953
33.009457400215
29.1599713230224
31.7709027002822
36.954605186259
27.062041693657
26.8976162907415
25.3614459067013
31.4505247761822
36.0722947021885
36.9542434631936
23.8147915747834
28.8320296332942
31.4612544880728
33.557804195632
28.9017769405696
26.789202538933
31.6523572911356
25.6409549794336
25.2366090390871
