0.544972429483388
0.904677731246594
0.90566545598394
0.459910414308601
0.48897891167414
0.614529908952357
0.925680815850958
0.453668306668432
0.51819330979344
0.681362097449501
0.912482626809727
0.598606416796048
0.906606517280797
0.676385236009538
0.740012720627347
1.15594673626916
0.952938620214164
0.564850659666586
1.22360537599842
1.10280975851642
0.83694403187331
0.787560156063772
0.853121349411757
0.799312620945106
0.690124947788139
0.571588857900174
0.779966687966721
0.633056590635427
0.939922857968604
0.99466030568741
0.915722888578934
0.778795249267694
1.3294191849319
0.967322038007325
1.1141346507089
0.742977658092888
0.731100422397673
0.641594868327908
0.59676367970881
0.60598950994341
0.81495932902417
0.744193467968099
0.610342233952809
0.458202809681741
0.807471820017573
0.929653867121942
0.698010340788324
0.903345900038321
0.866028731205123
0.912066785406657
0.451462284171143
0.525459057058988
0.574971765614512
0.579373248682783
0.584655213169983
0.627019246162834
0.714096157251977
0.767516324217524
0.708849913096082
0.756820069349429
0.664475298459853
0.652508745815536
0.60855207053115
0.756279340195524
0.749836962464463
0.730505792639974
0.607631215189928
0.623790916511087
0.565545607914355
0.611874140389388
0.622987399095001
0.504166149790779
0.58390256373397
0.634921004346343
0.5735813089492
0.621531719666889
0.478058624822454
0.65847581837253
0.853071761920081
0.956751653021491
0.823921492819922
0.731991858175177
0.67192970594788
0.546404959388315
0.58721167043172
0.520876951604999
0.593494484713309
0.431378533469303
0.635668361230353
0.478628077761735
0.411316738309356
0.531406057205131
0.203779708317875
0.521960757778164
0.983037349572099
0.566199656428395
0.750306175370799
0.815384147623882
0.694403733048302
0.647681614414682
0.768399299039384
0.813481289399305
0.850122129803652
0.758457994457249
0.743586472766062
0.641441297381712
0.593831247262113
0.612928910870495
0.688752678780054
0.504565757165137
0.683329957893104
0.613723276288146
0.875052205502685
0.942103788997894
0.762269718590575
0.848329011853456
0.758095886778055
0.356706020195419
0.437797823281894
0.353168983537151
0.840229733019397
0.276139518720789
0.56482345269614
0.755852466056313
0.529988227108591
0.584951553845882
0.608528367867965
0.567517214352792
0.720208520406798
0.699461266030794
0.270232413553028
0.490836018300397
0.491874742600733
0.253040536074672
0.259162930243394
0.446338924361563
0.580789128176152
0.666215626771819
0.74217921502039
0.688382846859756
0.839075146877603
0.687848718181779
0.655152719472047
0.861064825568962
0.912035172263953
0.975818955416484
0.734831113067034
0.579643366005156
0.581534501191632
0.692446003276786
0.73839458062791
0.8692310774816
0.771140959511324
0.966107343044057
0.795115481353784
0.916423971224036
0.838222976049521
0.958121629818194
0.845680319754264
0.982748484703416
1.07900246186298
0.96359031411728
0.585919516753448
0.594028713013611
0.874185926247961
0.456381643052839
0.626212436540531
0.902649419028017
0.668122954380536
0.596665926855105
0.717091101986739
0.437043877363731
0.682624096636691
1.01767812303397
0.493555495835596
0.65440996133455
0.525544009817528
0.461217444323649
0.698364434876912
0.764012916601489
