0.509632069498399
0.875556508257157
0.873732798222032
0.437621759735321
0.44372970310857
0.576297228565923
0.980841828839732
0.416393341592972
0.490451100291349
0.612137400180871
0.83541713431485
0.513605012469201
0.895919909580592
0.597763798360916
0.676982447028127
1.17872166139012
0.881447773333719
0.561061403688188
1.200897948088
1.10046595878161
0.871577050869951
0.832861805348856
0.942846986065088
0.762213015354151
0.628686826969192
0.519989738264142
0.655042263070809
0.626438792107615
0.878223420713176
0.945216135444728
0.845101635914849
0.724532097646398
1.16378682216159
0.898566822512919
0.998390204681391
0.688586995851868
0.635430327758648
0.620757039664057
0.571987211957309
0.577437526194919
0.734537960758497
0.649022390604531
0.510907667702474
0.419031936837187
0.672473756058026
0.837496120995587
0.631325023185695
0.764669848515537
0.718904170902302
0.808007051863367
0.456098862050319
0.459433286243278
0.520377903680536
0.535697902634587
0.471847290790276
0.633228964840694
0.723903899750665
0.74839782494076
0.694085089929298
0.652208608881993
0.595007513463187
0.592694052647995
0.54001042133034
0.71119640675746
0.740403231357042
0.755055570378673
0.482964582737886
0.531439066546243
0.513835769216701
0.593891448937616
0.590425174138652
0.472897536672671
0.497626257744913
0.597923336881427
0.52886166002763
0.62575731879239
0.469421300654928
0.600516731863698
0.798356178034431
0.829587476290881
0.754001933339189
0.631490350069273
0.608474263865389
0.456163017975071
0.534818211140524
0.438203747227403
0.568203353849178
0.358441284452373
0.502545190444647
0.456534063122733
0.394559711249673
0.438951623780714
0.145249121416803
0.52286824431359
0.868262059952418
0.496776818757564
0.60544460549733
0.743199917730747
0.709774763151553
0.63136970061759
0.708171891785137
0.720819805444342
0.870934002239933
0.700661434260075
0.662263979103386
0.564607125766657
0.645644441772032
0.556500499046776
0.689445206394511
0.461456933224309
0.703856966463371
0.665586371188035
0.80296084930391
0.777890429749226
0.673801470883029
0.731795238988126
0.620512157640971
0.359162367578142
0.44709836759029
0.39345391633012
0.805059254226433
0.237563637648611
0.586953865691447
0.717093393873107
0.496653970183189
0.519159442310054
0.594748138201244
0.521623755394475
0.678900088273545
0.703619462407353
0.29250103300337
0.427652579062422
0.444479365116177
0.178552411338377
0.205390596505682
0.442705242753655
0.555962128947907
0.61851179159292
0.707469444538301
0.6479369631889
0.806509962798648
0.655664188219261
0.634751747595492
0.771360653415299
0.731986642655623
0.879689164038883
0.656097113794848
0.501143015602099
0.508748749608674
0.607904389604106
0.633378449899106
0.905994498480408
0.758547865794568
0.915932591477849
0.743624243424013
0.976792233463938
0.754945565832691
0.948150735193921
0.819427294981544
0.96142277829178
0.976548326106187
0.829136366286225
0.60808965781856
0.522684898082483
0.558056872271169
0.40996554964799
0.635537458463137
0.828948449006077
0.630622323205214
0.521505774194206
0.660607205642476
0.496915925079282
0.6375102038005
0.88957402644905
0.528797784962354
0.614843538813602
0.409774379272682
0.563075832568606
0.615350941911367
0.662450157163069
