0.531934239267088
0.9079985000314
0.877579955066217
0.459528598250414
0.470896247675105
0.628061445947427
0.920745610618649
0.439987006799493
0.550648383540411
0.601217224501813
0.802360325059578
0.579039518197277
0.876155346079348
0.596747171518274
0.646095590194277
1.08013132061632
0.923443849100975
0.555368043151156
1.16572966537242
1.1937833585079
0.954249574547349
0.808532140942449
0.930995760530505
0.788057195068468
0.633625059400508
0.497455121123349
0.695056026013928
0.636499659486318
0.856455152529273
0.891228275724105
0.839900139226058
0.653962452989961
1.15014395557373
1.01227247359473
0.958490339384248
0.621195660200095
0.592591416963851
0.642316884793977
0.560319019670724
0.538943637266612
0.665448206254347
0.656411383768929
0.592566983927129
0.409721318027289
0.705604308220312
0.871341157053483
0.604910660002453
0.849044826864174
0.795763275965784
0.768645882606397
0.495529125022146
0.503728112010226
0.568400498106482
0.505010781937579
0.455912725187346
0.600758036758305
0.673313813792756
0.588106257648838
0.772606325044585
0.699504063433398
0.563712854830709
0.558318566768682
0.499406248836338
0.679010642363357
0.734130429328399
0.593347383665958
0.457806279994905
0.50969889087805
0.48119820989794
0.455337520530908
0.547465541193261
0.504817519249517
0.490558881296787
0.566794288461306
0.580510860135718
0.584144482479469
0.428133354263936
0.598151189309815
0.792950110385632
0.975189074001063
0.64204689325242
0.557612342070667
0.520559795579842
0.433561019665055
0.593084046162392
0.465311005056445
0.582603795515653
0.416635860851456
0.585700940719937
0.37111684425514
0.404743387595744
0.548181944286268
0.149307955406479
0.451687813474482
0.967237334040782
0.506529076763616
0.571078988694367
0.55509674565507
0.657344407095877
0.639852630635306
0.807426207927753
0.958219634257094
1.00375621767897
0.756736261474451
0.732511849299553
0.598799940039768
0.625458980692327
0.70939717810498
0.780917295680472
0.408519310142508
0.669124828119628
0.673721475809956
0.747156812076288
0.927794214962725
0.778719974250097
0.789911893662098
0.684803028137112
0.407541591155558
0.522249912819338
0.466585708763944
0.830597391375841
0.234032187541129
0.635435102260693
0.790865227672662
0.52170161517269
0.535935346478618
0.677482832917075
0.49809948231635
0.677939677089341
0.701214189908987
0.288005895504238
0.440986687841822
0.423775507792631
0.194843824935406
0.221756799312586
0.447649271446178
0.576771574353623
0.671626853165541
0.598212108632989
0.68265706078721
0.750321386399476
0.669179858220633
0.613614435041147
0.760217881579939
0.706893338233886
0.926114258088509
0.771829377070353
0.650309086970611
0.517692294806266
0.555157417620996
0.651193005297634
0.896326487908845
0.743564818667147
0.961438703775092
0.729231772470814
0.933059234424337
0.841860257326262
1.03274520952695
0.933111140297835
0.860533448823285
1.02978146532234
0.789134986313087
0.565903830048504
0.502297986237407
0.485533416681787
0.358897765714781
0.741852517459522
0.722270608223921
0.635438778976118
0.511547266758835
0.647314064273683
0.367712708094136
0.705844791958172
0.884259748471561
0.564250490170725
0.736435747628796
0.398901347983379
0.617098195552438
0.629165471500932
0.607477098527929
