47.7857793600372
31.8307265696277
39.0430301954163
46.2608414656934
45.6308956914749
45.6444497941624
43.556122556189
29.6085483520959
32.6407950802057
29.4244719549551
32.6264908701522
31.3460329336674
45.9133548847832
41.5017272112121
44.3567368182921
46.53297051591
39.0690489155486
38.2654384468687
38.4392690660959
41.174526311525
43.629156782117
50.6106843389712
38.0089871814246
29.9151108579266
34.5435426886164
32.3028729162451
33.1317293362476
31.3308156672286
45.0488949760481
46.6944988344614
40.269319898862
31.0803999360099
47.5866403378971
39.0389465119626
39.881997242784
30.0740819182202
26.9324659487659
29.3476806444389
31.9895295868761
25.512023782081
25.1913713236662
32.6394234853042
28.1083387971577
30.2030559613926
37.4997850286136
43.3094557906148
33.7793107295171
34.6782871149349
38.182128824959
33.8455423967565
32.7821416840232
27.3166565262569
29.9940461348134
29.616551697006
27.4976384997019
32.9772590903514
27.8901966082948
30.8633098468312
28.1841058987667
25.9348831966068
34.6345049625274
28.0381690287943
29.6077593712465
35.7567148968853
52.6958821843172
39.9720033863385
33.0178465675613
30.2206151411291
34.4897071108831
33.6289917502522
34.3878736953515
40.8260002445612
33.8621577340917
40.8411884695647
39.9179908557548
43.0658573422392
51.0409030284551
38.7576336548491
34.3448729731828
32.6847883897526
37.843046666189
42.1299404015081
39.8766258776276
37.1765882221926
45.0733957778458
34.4718094069009
37.945795033771
52.6832129662189
45.2666333831599
47.7297983146581
45.1113859657683
34.8057569444733
35.9141177936669
38.3179716150719
33.8188786716945
26.3778143577561
30.578453541706
32.0526094282261
36.9093327318085
34.8534720252493
28.7713658415282
26.5271880654422
30.5924397531241
28.6798797192229
29.7172956073693
29.130428748443
33.3095320893874
31.0130248529358
28.1958110742443
38.5150973006282
29.6133233416705
29.8561101352155
31.9438271771154
24.9436645580287
25.5543236891381
31.3698686815464
30.919804821689
29.4730658180169
37.1767413957394
26.4845939912485
33.7061330912478
28.3692241541347
37.4183943356017
30.5631480226351
33.8153225710118
28.7876218433461
28.2008717570881
31.6039333594111
29.6879444083569
33.5527583982648
33.8777139949171
33.9085438091337
33.4268533290949
27.8004833115342
25.2523894735079
29.1018752273385
35.4447954390562
34.9421097990389
28.5788475844069
33.4012172644529
35.0466623871421
37.7749036386144
43.378695624252
34.212550717228
38.6374719329467
36.5913680160227
34.4232837286895
35.9728543749196
37.915879918053
35.6623649878209
46.4780954351639
47.5782898233757
32.6696637972751
32.4613852663704
27.4288916468705
41.9310578056686
33.7130729995557
43.783477676439
37.8529383402463
31.0148991543759
40.1071209626183
34.5858290486825
32.4020213054456
52.0361883832251
38.1567639481021
44.8087954653711
27.9649250135378
24.7276115485541
29.4113408658972
39.9698549482035
44.7894521437444
31.1974193021014
29.6849409957414
29.8868977246009
32.8990512877986
34.0137299456485
32.0569091071827
36.3820490346353
26.200094876467
26.6624652199027
