0.371799899046656
0.381773646763471
0.396390332719894
0.453559793859131
0.420781597858805
0.415159286436175
0.3892734112091
0.4248755886586
0.362212730188962
0.409265441327552
0.316008726244435
0.365236407994093
0.360828822894401
0.332723359772511
0.244663728268247
0.373339463931127
0.378125310612047
0.475217061872173
0.374280961806108
0.341086414209979
0.359943791400747
0.402892292660667
0.390583031215887
0.398652527615944
0.388138664571843
0.286827910670153
0.360966391730718
0.375692837778588
0.276345970738749
0.233698310039603
0.267890500800532
0.311387005201315
0.204350521064024
0.242473903769686
0.234792240132959
0.342998657287729
0.385575600364866
0.439287394990498
0.355261756928486
0.417431106838442
0.397374813840622
0.323417446613195
0.391571302251734
0.330244913384601
0.344669254717222
0.312112097692288
0.355141934571298
0.354620150768168
0.347130156221625
0.338413448157061
0.383373868465963
0.389448282353884
0.420064704216456
0.32008334011648
0.362820978838122
0.317381526077257
0.432936592987239
0.360873308189993
0.404993166917076
0.379033993745737
0.245546196452969
0.300694957707771
0.322439637362349
0.249679550587731
0.250302584832928
0.275193134296725
0.273611244657129
0.281551631169585
0.305079216231858
0.271199780487935
0.275031196350241
0.276806996814964
0.319985902224741
0.315742392942488
0.324832202669877
0.340808157204569
0.274153425728885
0.350964952356195
0.339043184077849
0.293245466072958
0.333928646304682
0.315521308644337
0.294710021901564
0.313229319602182
0.271330009690173
0.34362195934758
0.308822455682468
0.229067410535612
0.251621435532467
0.190643554907863
0.26841206031953
0.318917726805198
0.196101760183096
0.365814184947335
0.31944029119038
0.363356366915463
0.302988073307866
0.228685461646232
0.37798774316773
0.402515002386069
0.35323742467756
0.343378865381179
0.414156031345025
0.428798681394964
0.388994950108051
0.398557316531572
0.400541646859845
0.299729891153804
0.389520101049346
0.353326135476407
0.352208483129527
0.24821811078914
0.297669667925095
0.226790330668553
0.237741458443743
0.328567564539986
0.338332517804367
0.282862598896474
0.286681986988654
0.341355573035202
0.36998022581409
0.29237861142437
0.383514748218287
0.438914720950664
0.391697388825415
0.322637993859254
0.344722313702445
0.31007758718294
0.28842630077993
0.315279172971445
0.342269710271586
0.262209505739752
0.328756830962079
0.235222672378664
0.320673033014304
0.333148893995539
0.372670791435988
0.396435148562283
0.366424916766679
0.405602604794078
0.360856372499037
0.39254953231183
0.333837110790095
0.279861694516294
0.295986897404573
0.362618042802227
0.359641258687175
0.340834582843989
0.296553854169653
0.298316681355494
0.23997685919145
0.368339207630503
0.386769812238684
0.384558244361088
0.277297535302062
0.381418873356903
0.380177802834207
0.35733456269114
0.373841586986787
0.347661684025353
0.224626206529507
0.259040055207525
0.431333789411517
0.134428578627121
0.165379651337106
0.22494051479372
0.436258554307016
0.337413321806698
0.272412288643532
0.269100510829473
0.28846655385363
0.273277157659267
0.363217412734114
0.420399001009287
0.450131331009815
0.292964654409364
0.251673578213938
0.392857621783788
0.321731531844116
0.333349362563449
