0.416435013397787
0.402803745346384
0.401970739447115
0.471453039704036
0.456720493547779
0.447903060294146
0.42364100523486
0.478001593751444
0.43131110622391
0.450098467987712
0.364235934079361
0.396016172299546
0.382827862622594
0.379765320387333
0.300675432536759
0.401850662490858
0.406385869597673
0.503954824945193
0.414168703025206
0.34991674678171
0.363784753200158
0.422118757435778
0.378195204990225
0.437885676268211
0.386252205465231
0.328817769221222
0.416367088934734
0.423153216019784
0.370865063839624
0.270164597272096
0.318673547639752
0.352702807241559
0.242532215889173
0.282514650309788
0.278028059260827
0.437517650559972
0.429993264688323
0.472986158951586
0.389506300188708
0.460649118233595
0.433119627774743
0.374886274403359
0.429935816810234
0.377980872311387
0.383232690910481
0.375960045725251
0.401770113339828
0.380213304275141
0.377646424360081
0.375347525822175
0.425650452729675
0.437212551529123
0.45520094797492
0.410042305757078
0.424955659775403
0.363893465680232
0.458923410952852
0.364388604420885
0.412105328599672
0.40130522552809
0.325607009036677
0.359702535323856
0.383267187528351
0.320153844439313
0.30721232385987
0.331433613896283
0.348769813630879
0.35382130719399
0.336404815694146
0.306849828650932
0.334205666311857
0.328081839947199
0.380479946916523
0.333999249276187
0.353439992534242
0.333776051534168
0.316577905938109
0.363280857522607
0.374837370726706
0.339277888265125
0.355084173720298
0.331263288938207
0.360173053125845
0.375876701320797
0.332367064933557
0.393657000277269
0.333768569192087
0.302813427352423
0.321224895137069
0.275826552319306
0.338327001258238
0.332742714091372
0.254187199588538
0.370969020720157
0.356251243587244
0.442906493914313
0.345606725177281
0.27620577555835
0.40294349260732
0.428062874774508
0.387811794623558
0.402321720212843
0.433593077072419
0.471808582843407
0.402154845208219
0.38521692055676
0.392831656631392
0.358468783231959
0.359486827880285
0.380840307663338
0.377203593577978
0.326772888304447
0.359598102044576
0.288789629106031
0.306052777123973
0.342795179822125
0.374638636600605
0.297617025327742
0.38199326363359
0.323910768925116
0.377652899404689
0.302692814861152
0.355810843742678
0.463857718816
0.405762115419723
0.353895256878794
0.381504314167283
0.349046700107895
0.332016810042735
0.359303011318076
0.302663954169613
0.286515103220095
0.353027304992638
0.31610535588971
0.348759652429955
0.397754580815206
0.393654158789846
0.434070213446254
0.401766690115132
0.443195763113607
0.39102461322237
0.42450462201678
0.379197430932074
0.337505821057873
0.337892229925184
0.392703581834553
0.35466044009751
0.373240132203101
0.357152402088009
0.342997668785698
0.287333189364741
0.399516425347673
0.375025655928965
0.392213616770082
0.329085493322042
0.364234465221186
0.384403361231347
0.368899802138728
0.397156599512387
0.374160295165829
0.277156741066798
0.31345570543571
0.460879781344071
0.229006488673533
0.290501887492454
0.244766529484798
0.428992900065378
0.340876810390268
0.36380677089937
0.346600546996872
0.312293199490223
0.219568790332317
0.411420707962113
0.454019684008209
0.468439058083651
0.317244895907657
0.306187867150585
0.319588933694476
0.358423511478562
0.318509984596044
