0.382861903744595
0.384236905657371
0.403768330044289
0.454169398302585
0.426851179932376
0.416014318472964
0.413977677685182
0.424902140644028
0.350189487503122
0.390938578357096
0.309058520600376
0.346195868064895
0.37136431891715
0.329529932843474
0.266623069401102
0.370538856365002
0.375448651419376
0.473579934475644
0.377316061478542
0.336209725616909
0.342923704330089
0.419382025495417
0.385719231536488
0.362432917128096
0.383527487504428
0.30384677120679
0.361934156587241
0.393809368242212
0.283228079943188
0.24969863043939
0.287054954703817
0.309103438744931
0.219834153862928
0.227755365087622
0.240665408406873
0.366821780683258
0.386288642741066
0.398310266646635
0.350597156379152
0.401875045261951
0.405045493069554
0.324163762670737
0.378700346341492
0.346903106660024
0.357940376213603
0.319625314422809
0.356806011814983
0.361724619864134
0.35890396634281
0.353230262120468
0.403216582228336
0.404723348926096
0.418514609273502
0.331325802890222
0.354681101336279
0.355955578712184
0.436555217770845
0.366097847199334
0.364022922092507
0.380266764613983
0.226582484695264
0.28973853538958
0.335492659155037
0.281787590987226
0.252677551385832
0.298415866565671
0.270534479324827
0.285048676107463
0.314451795359714
0.291118940032914
0.274265806470121
0.266104537577588
0.320993495469528
0.311770142692577
0.326677637550128
0.335048449546459
0.274342887325946
0.360451071420072
0.353880895706648
0.325191053036372
0.343419238672745
0.318786032637486
0.308241836469632
0.315444797426341
0.232858319587982
0.322332257047654
0.281058387293285
0.230874904452117
0.223787648781414
0.213935010380959
0.275683187760785
0.265611642760355
0.180235642290018
0.350955705307866
0.311282423347846
0.38549240102956
0.287672646462082
0.240224324314552
0.389569216819545
0.409431448899944
0.315058548671712
0.351958531861786
0.40267550358815
0.441710962148921
0.377564029028739
0.416321504863337
0.439848188337466
0.249896379604702
0.379871027621526
0.340012518272531
0.321162714439084
0.254471154134545
0.288134150174165
0.238731541257276
0.258004029717519
0.33636703901223
0.360810766793377
0.277107649802862
0.308760238407387
0.337379088884528
0.378766077508648
0.300400661015011
0.3608543189311
0.438710575364757
0.402745070063729
0.334504325756013
0.326197812781894
0.34210998694151
0.3517717607566
0.333203625095519
0.320526121100487
0.279481078816036
0.338250760019695
0.280313759852012
0.321463480673348
0.361515999462353
0.360147124213108
0.431835300068143
0.389762472117623
0.409505568759963
0.379051355652454
0.40964181021083
0.362608360590992
0.288597835699679
0.291755252250902
0.348192326238677
0.368675545350961
0.32636036272095
0.303594713638893
0.311256699674722
0.242435457751533
0.39207222800156
0.398633106361637
0.381521680108187
0.321101355968225
0.379288911639471
0.385034505985222
0.354560463682677
0.376629172918587
0.363514156810612
0.238459967597453
0.260496706593158
0.430768224075872
0.117227044477371
0.160374900262264
0.196998582606188
0.459150161061814
0.391999528627985
0.271521150143721
0.281207514309808
0.25911656986098
0.278255308902825
0.316282638984902
0.421856678835175
0.448221301760051
0.307002347479769
0.269563919058611
0.39992313685987
0.33862423678886
0.292078897620016
