42.0953529895098
31.2781209351155
33.7240717253278
38.7951337162529
37.89454900423
37.729146214252
34.7518704438854
27.5466151934848
30.680411145563
28.3857653601866
31.6138752654361
30.4650288073433
38.9281177147235
38.0978656845007
44.0489839272959
37.1998557956796
36.1569680578547
33.937801334933
35.4117216753236
36.8550479606522
37.0210257279201
41.6893713663353
31.9231670772571
27.8978473974526
31.188885603371
29.1038469958102
31.7209125750019
32.3664364648529
44.2880505618945
41.1584654010645
40.7785662568465
30.0213875760106
43.4032778532802
36.4216618718694
38.6479003901497
30.844787594367
25.6440440406176
28.2299505099404
30.0306944759097
24.0783872284168
24.9338344678903
31.2186141176377
27.126154558888
26.4860085123071
37.2207069485687
46.2551176526196
31.2191448602737
33.3102744654244
38.1185637097904
37.888771384191
28.725721196291
25.8183587630752
29.1333392942625
26.5085794119018
24.7575494969799
30.486423365711
26.5556803612646
28.9927778778597
26.8548210535279
25.6196136940035
30.7703748857735
26.4072620386473
27.50934992908
33.7692012008894
39.4591456129244
36.6381197191789
30.3073986503095
27.9694094473437
30.9014809283457
28.7340607361031
28.8023073575964
38.7962072716066
31.1923913055306
34.190046403542
37.6818348325691
39.9144084971678
41.9096851469974
33.6899558740067
30.8352448245766
32.434650420102
32.5916220631138
35.1289496981876
34.1359123832163
30.7086580336244
35.4328025646337
28.9886216717117
31.1192914252371
37.477319206552
40.027008931644
34.9265864062166
38.670607749255
32.7651657648908
26.3347658639493
34.6536880909034
33.6064203012754
26.0960794366005
29.193176242807
26.9724521461404
31.9535317904632
32.3834198934428
27.340916909508
26.0862870648209
28.0995058601364
26.9366574499305
29.5175244880071
25.175730095081
28.2906919841533
29.2353181104011
26.5478307879473
30.3916422711123
28.7875976796181
28.878994821717
30.1763493577378
25.9693815517126
25.0775702096291
31.2844031925006
31.373490561427
29.1093663392784
33.547739799253
22.8586349476994
34.7717092004216
23.5221775352371
27.500940976649
29.8002872100666
28.6074227065819
29.2402742098273
26.0220437297974
25.4412745850705
29.7762486127087
33.9536447970913
26.3454063808073
26.2965411894338
32.1248293353828
19.9744729570599
20.081389601062
25.7353028512127
36.4334773872449
34.4522136461729
30.4522449853674
32.1042937319427
33.7997730860026
36.1866276262656
39.252271878084
34.0360882034057
38.4850793148448
36.600971121211
33.3940378839633
35.9200548406996
37.3749117970796
37.7784847154404
45.34003768081
38.9911503443829
29.5342172799088
28.9448232363662
28.8895727025986
35.1037776049065
32.8227325488228
36.7079965163364
34.4321341792891
29.3291797210975
37.3244957291887
32.3802607426137
28.1866703252873
30.6875363948434
36.033353431661
24.9946168377758
24.2207926339233
24.0806084574281
29.0431885610637
35.0015661505542
37.1247926719305
22.5034674199214
27.8319952682632
29.2346173114206
30.7632645019225
26.9245135620331
25.5261454261002
30.4061884583725
24.8658944531298
25.1973117292447
