47.99894454698
34.3921992726097
39.1238151048384
46.3477339544904
47.0357549303878
44.9299814863022
44.0924210676061
30.4162037060391
32.0565764349274
31.0572632971606
32.1000537132781
31.0674427412197
46.4159929186736
39.8138159993713
42.8443935177607
44.1906900894013
38.431290807319
37.5126247604741
37.1531869050606
40.0600962149327
40.8662566348506
50.7563303443692
38.085770292899
30.3307579271092
36.4932651457856
32.0356193565993
34.2684453307036
31.4058242050572
42.4640538392646
44.9899407458711
38.3577261569101
31.7048918569317
45.8784395074473
35.824638432858
37.684034296066
31.2753175615851
28.0470683729606
29.6553781831509
34.1239144318489
25.4922908811389
25.5105098859411
32.8606675300118
28.4808131258658
29.5423291177113
37.6986287363226
43.1446646763896
34.9292888703203
36.0544346329047
37.1516698698446
35.8740339879416
34.5957655110213
28.9264652012939
29.7010217795349
29.1242052721668
25.8463185188676
32.3995452835713
27.4044659919748
28.7922299014371
28.0532401559159
27.1034990084288
32.9847675414844
28.2076306605466
29.487327808535
38.2464220336688
52.9220082731188
36.3970989445287
33.3103692985727
29.9254083882752
35.3744608272788
33.4668279790889
34.7119896100154
43.7230513332128
32.9888083122427
37.6095683509268
37.2678482253338
40.9788667790353
49.3954357119174
37.6153366986746
33.0415081443661
32.2326319232625
36.0420695366294
40.0924431466436
37.3125594694832
35.0587330499426
44.6533699214576
35.7688321793157
41.0174698711381
55.6275771709828
50.8167616002577
47.1241242939306
46.4761457249734
34.5047491625809
35.0249543476912
37.3153123857212
35.3045168302281
26.8808285255793
31.5202509451631
30.520918450287
36.2344488913964
35.7621160164407
28.6577765538785
27.2950474001005
31.1129434878414
30.9418692954271
30.4162684184332
29.840510586833
33.0509705170341
29.0916323737333
29.0825492570061
40.3908258793485
30.1755809350963
29.9212609289092
29.8108336497589
26.2621322869566
25.384779464012
32.9722614595508
33.2920279943379
29.4959500091454
36.9769099427696
27.8354397042507
33.881433641378
27.6293242105539
38.0460446825654
32.0082806392769
34.6358929966614
30.642337563826
26.7771108367557
32.63350173739
30.4577509275643
36.1913104392672
33.519909671008
32.9802939943795
33.7503936804298
27.2337440319524
24.4521058965836
28.6633650435049
35.2441461225874
40.0492639569986
31.0916866447433
32.3798276424468
33.3710340053092
36.3916928064379
41.9539850059369
36.0280226166791
39.6494359325074
36.9399304378545
36.6936868980825
38.2904687234595
38.7061687677519
37.3247897225607
43.1099081375651
45.1799501709969
33.5674792571497
33.5899654256468
28.020650885123
40.539494131773
33.8734809810276
42.7997382454023
36.795926894888
32.0611565755131
38.9774563777482
33.2492143125545
31.6085628256357
52.5703886713383
39.492618496553
45.6387785292708
30.6882979450761
25.7263798890669
30.1214272830494
41.9322489002516
44.0899751224014
29.0897471810055
30.1669386430214
31.5150506590681
33.952778722593
36.9086498703178
33.6602288719099
36.7716528283674
26.4298497375369
27.8513391415014
