0.560423606056756
0.932589522834606
0.863723063554132
0.461951425926221
0.502636687293697
0.634289862813972
0.913189963138379
0.464273158405645
0.529879017316436
0.6813528347072
0.899435772489384
0.63586717298696
0.888371688826284
0.641770794611901
0.776453200418929
1.08950318638946
0.933313044842089
0.572143247996694
1.21457649310487
1.0463204483986
0.9249244967768
0.792028720032713
0.92602343211085
0.872960643329053
0.651706096030805
0.572871833079907
0.800781847737975
0.800741674831398
0.890759618858317
0.967916179272951
0.927390116214325
0.744968503989092
1.20690025081235
1.10668454933486
1.11607694326403
0.723802908593068
0.705943669886246
0.670965408777979
0.580881055311026
0.604668478267995
0.751035653705088
0.778250356209227
0.659259288795503
0.477791377571693
0.824032604694011
1.01033314201117
0.657222118453702
0.878790071491325
0.845746003395153
0.888520127633665
0.462289679786522
0.551657241519578
0.585056350431966
0.567530038158039
0.542748243564615
0.596887986390785
0.698655134063861
0.62685420596551
0.823514451939337
0.829535652111
0.658496792965803
0.626273180961447
0.588684597261164
0.689476449939626
0.786668815614016
0.679922730676985
0.533404313683708
0.638977811486897
0.525792053280167
0.517641803854844
0.65940364177559
0.523227501942959
0.579511144977494
0.602407657783479
0.596030986677851
0.549986628614008
0.45513064752305
0.673617015495362
0.837202930928743
1.05995074736667
0.7340590409873
0.625292428079341
0.601284075318513
0.546049597698036
0.673366600553359
0.539231770327327
0.560204237538788
0.518149277286047
0.658749286915469
0.420996843857334
0.432558993105023
0.64301409321292
0.211854046597406
0.448454726044918
1.05209163799451
0.598093607113816
0.711694841982837
0.616229296345295
0.694133110739361
0.668534050367895
0.845869504775475
0.958087909003924
0.899160673159149
0.741360749856197
0.782076079706952
0.658086123182747
0.542310019726334
0.745205263072575
0.743830809192101
0.552461531736333
0.661204509586098
0.630943794835987
0.790129597431465
1.03074489790484
0.846501767303814
0.834232903779774
0.756011991697725
0.36071054497394
0.450625304439099
0.406664497026171
0.867359082757556
0.25170489582259
0.569808010148849
0.85397511833081
0.537970276076936
0.597407704655203
0.749478108730006
0.538108981640999
0.708535138449902
0.687715411699155
0.275569260983591
0.483565826896016
0.500379093876093
0.287300333367642
0.286645805265545
0.494510413013784
0.655747444977304
0.726847067249585
0.657286235676971
0.706473215667952
0.835544009964764
0.704972095227621
0.660956677162174
0.866820040408483
0.848175678006001
0.999490836415628
0.827632865259415
0.660263336775213
0.60698846869661
0.683652481349884
0.733169953745427
0.908690922645445
0.721687019162623
0.960380794064224
0.837751880245147
0.873413072040957
0.875547773347592
1.01363382139963
0.804955739733971
0.908845416329449
1.17167921704755
1.03497922962339
0.582186608730841
0.518395867955594
0.799155620696041
0.389840662779008
0.682783528967845
0.722213749680339
0.666351619136235
0.552750290676367
0.710496687870778
0.334554701177092
0.697928841579474
0.976623474599521
0.529097685166263
0.742623234611829
0.519256703971029
0.455294558761334
0.720578481958626
0.5974066958076
